 atom Ni   dist =   0.00000  coord =    0.00000   0.00000   0.00000
   7.2889464807377011E-004  -76678.662237383949     
   1.4577892961475402E-003  -38262.020358052454     
   2.1866839442213105E-003  -25455.456061157449     
   2.9155785922950804E-003  -19051.504835675212     
   3.6444732403688503E-003  -15208.774535546281     
   4.3733678884426202E-003  -12646.607266202293     
   5.1022625365163901E-003  -10816.229418108504     
   5.8311571845901600E-003  -9443.3072732922774     
   6.5600518326639299E-003  -8375.3250383826562     
   7.2889464807376998E-003  -7520.8302579770170     
   8.0178411288114697E-003  -6821.5288125715761     
   8.7467357768852404E-003  -6238.8658987590679     
   9.4756304249590112E-003  -5745.7255752758947     
   1.0204525073032782E-002  -5322.9682347876378     
   1.0933419721106553E-002  -4956.5896588477463     
   1.1662314369180323E-002  -4635.9684998298771     
   1.2391209017254094E-002  -4353.0727212030743     
   1.3120103665327865E-002  -4101.5633060273449     
   1.3848998313401636E-002  -3876.5388356751041     
   1.4577892961475407E-002  -3674.0100904246237     
   1.5306787609549177E-002  -3490.7841041059451     
   1.6035682257622946E-002  -3324.2135104350036     
   1.6764576905696715E-002  -3172.1313568556593     
   1.7493471553770484E-002  -3032.7320247892008     
   1.8222366201844253E-002  -2904.9122532975180     
   1.8951260849918022E-002  -2786.1283950009201     
   1.9680155497991791E-002  -2676.5421377296439     
   2.0409050146065560E-002  -2574.7963657698310     
   2.1137944794139329E-002  -2480.0786159053464     
   2.1866839442213098E-002  -2391.6912184501894     
   2.2595734090286868E-002  -2308.5834826930200     
   2.3324628738360637E-002  -2231.5201126319089     
   2.4053523386434406E-002  -2158.7323159440198     
   2.4782418034508175E-002  -2090.2506606345714     
   2.5511312682581944E-002  -2025.6829887862582     
   2.6240207330655713E-002  -1964.7153223535586     
   2.6969101978729482E-002  -1907.0779586115061     
   2.7697996626803251E-002  -1852.4706649536290     
   2.8426891274877020E-002  -1800.6787429241979     
   2.9155785922950789E-002  -1751.6378199009230     
   3.0613575219098330E-002  -1660.1806686920143     
   3.2071364515245872E-002  -1577.2196069765694     
   3.3529153811393410E-002  -1501.5218848543761     
   3.4986943107540948E-002  -1432.1782680523975     
   3.6444732403688486E-002  -1368.4266749439812     
   3.7902521699836024E-002  -1309.6204806587816     
   3.9360310995983562E-002  -1255.2128792457399     
   4.0818100292131100E-002  -1204.7325312157341     
   4.2275889588278638E-002  -1157.7738228095488     
   4.3733678884426176E-002  -1113.9823744515711     
   4.5191468180573714E-002  -1073.0544616143829     
   4.6649257476721252E-002  -1034.7200296048720     
   4.8107046772868790E-002  -998.75961289735710     
   4.9564836069016328E-002  -964.91845236683582     
   5.1022625365163866E-002  -933.05652671309133     
   5.2480414661311404E-002  -903.00270329929981     
   5.3938203957458943E-002  -874.60266463078722     
   5.5395993253606481E-002  -847.72986715839772     
   5.6853782549754019E-002  -822.26760236187499     
   5.8311571845901557E-002  -798.10681886340967     
   5.9769361142049095E-002  -775.15654253270588     
   6.1227150438196633E-002  -753.32683199477242     
   6.2684939734344178E-002  -732.53370519065447     
   6.4142729030491716E-002  -712.73383217000924     
   6.5600518326639254E-002  -693.83319025072865     
   6.7058307622786792E-002  -675.78327210513316     
   6.8516096918934330E-002  -658.52870101408405     
   6.9973886215081868E-002  -642.02111756518946     
   7.1431675511229406E-002  -626.21383057611399     
   7.2889464807376944E-002  -611.06600249303392     
   7.4347254103524482E-002  -596.53770256355381     
   7.5805043399672020E-002  -582.59345463524846     
   7.7262832695819558E-002  -569.20061198140525     
   7.8720621991967096E-002  -556.32816990595109     
   8.0178411288114634E-002  -543.94747008397098     
   8.1636200584262172E-002  -532.03184272224257     
   8.3093989880409710E-002  -520.55744495612123     
   8.4551779176557249E-002  -509.69013399020042     
   8.6009568472704787E-002  -498.83748329127792     
   8.7467357768852325E-002  -488.56556973312513     
   9.0382936361147401E-002  -469.01193577887813     
   9.3298514953442477E-002  -450.80897211265938     
   9.6214093545737553E-002  -433.75303263897524     
   9.9129672138032629E-002  -417.76280948409800     
  0.10204525073032771       -402.74507150727715     
  0.10496082932262278       -388.64707056404814     
  0.10787640791491786       -375.28549005188660     
  0.11079198650721293       -362.70749840660324     
  0.11370756509950801       -350.81651558619808     
  0.11662314369180309       -339.55652202495116     
  0.11953872228409816       -328.88010577920272     
  0.12245430087639324       -318.74211014438220     
  0.12536987946868833       -309.10651251092628     
  0.12828545806098340       -299.93938526644820     
  0.13120103665327848       -291.18243116994677     
  0.13411661524557356       -282.86175756922808     
  0.13703219383786863       -274.90262632035859     
  0.13994777243016371       -267.29702293464618     
  0.14286335102245878       -260.02144946152669     
  0.14577892961475386       -253.05723428642159     
  0.14869450820704894       -246.38439190860782     
  0.15161008679934401       -239.96486930035118     
  0.15452566539163909       -233.86752818723909     
  0.15744124398393416       -227.90860073867862     
  0.16035682257622924       -222.41615671563500     
  0.16327240116852432       -216.81394888470032     
  0.16618797976081939       -211.56312127393738     
  0.16910355835311447       -206.50848662792714     
  0.17201913694540955       -201.66529908940689     
  0.17493471553770462       -196.94116467915259     
  0.17785029412999970       -192.40925376056609     
  0.18076587272229477       -188.03750033408801     
  0.18368145131458985       -183.81953408870828     
  0.18659702990688493       -179.87576620392880     
  0.18951260849918000       -175.78911003627906     
  0.19242818709147508       -171.97335484084903     
  0.19534376568377015       -168.28020891363585     
  0.19825934427606523       -164.70688608465656     
  0.20117492286836031       -161.26920475703031     
  0.20409050146065538       -157.89454883914880     
  0.20992165864524553       -151.41618781425740     
  0.21575281582983569       -145.46540238488464     
  0.22158397301442584       -139.79046475083848     
  0.22741513019901599       -134.43259408753863     
  0.23324628738360614       -129.40466482676794     
  0.23907744456819630       -124.58604641747604     
  0.24490860175278645       -120.05339976909238     
  0.25073975893737660       -115.76448917773530     
  0.25657091612196675       -111.67867567951996     
  0.26240207330655690       -107.80772835315436     
  0.26823323049114706       -104.12829108909044     
  0.27406438767573721       -100.66788042233958     
  0.27989554486032736       -97.297365417261204     
  0.28572670204491751       -94.126678952472048     
  0.29155785922950767       -91.102278763548298     
  0.29738901641409782       -88.222825542747387     
  0.30322017359868797       -85.467822010723765     
  0.30905133078327812       -82.849756285502394     
  0.31488248796786827       -80.346335238909717     
  0.32071364515245843       -77.957402803782486     
  0.32654480233704858       -75.676413008806648     
  0.33237595952163873       -73.463707883021257     
  0.33820711670622888       -71.424863696552137     
  0.34403827389081904       -69.453207583542493     
  0.34986943107540919       -67.585840248748539     
  0.35570058825999934       -65.770035920477994     
  0.36153174544458949       -63.976606416846636     
  0.36736290262917964       -62.257908721033949     
  0.37319405981376980       -60.601580887797013     
  0.37902521699835995       -59.009036277132097     
  0.38485637418295010       -57.473041684042634     
  0.39068753136754025       -55.995647355481566     
  0.39651868855213040       -54.582764942771277     
  0.40234984573672056       -53.197385125621594     
  0.40818100292131071       -51.870303757065727     
  0.41401216010590086       -50.585926722233673     
  0.41984331729049101       -49.364588202066223     
  0.42567447447508117       -48.172965302990441     
  0.43150563165967132       -47.028058535493614     
  0.43733678884426147       -45.910988387726462     
  0.44899910321344177       -43.794332824610969     
  0.46066141758262208       -41.811259091185427     
  0.47232373195180238       -39.948033963788795     
  0.48398604632098269       -38.194957437273331     
  0.49564836069016299       -36.547807636918627     
  0.50731067505934335       -34.984409458255527     
  0.51897298942852366       -33.513942994211305     
  0.53063530379770396       -32.118812697357512     
  0.54229761816688427       -30.769026302559624     
  0.55395993253606457       -29.549225758151810     
  0.56562224690524487       -28.405875995888575     
  0.57728456127442518       -27.264248335353610     
  0.58894687564360548       -26.167350003873242     
  0.60060919001278579       -25.150162405359168     
  0.61227150438196609       -24.182237861257779     
  0.62393381875114640       -23.261400744603815     
  0.63559613312032670       -22.384901190216240     
  0.64725844748950701       -21.548704657097357     
  0.65892076185868731       -20.751185901835793     
  0.67058307622786761       -19.992231573032711     
  0.68224539059704792       -19.266837985284180     
  0.69390770496622822       -18.575066101701744     
  0.70557001933540853       -17.914537518457198     
  0.71723233370458883       -17.282377503165471     
  0.72889464807376914       -16.679764403142382     
  0.74055696244294944       -16.103275032158233     
  0.75221927681212974       -15.546464605436764     
  0.76388159118131005       -15.024378898638497     
  0.77554390555049035       -14.517566227117079     
  0.78720621991967066       -14.030690666875284     
  0.79886853428885096       -13.572849982643586     
  0.81053084865803127       -13.129817737602348     
  0.82219316302721157       -12.705669126842242     
  0.83385547739639188       -12.298299818756465     
  0.84551779176557218       -11.907530989771644     
  0.85718010613475248       -11.532934729096890     
  0.86884242050393279       -11.173573248757615     
  0.88050473487311309       -10.828773454054186     
  0.89216704924229340       -10.500274173787336     
  0.90382936361147370       -10.180137804833784     
  0.92715399234983431       -9.5825294875704152     
  0.95047862108819492       -9.0273452140557939     
  0.97380324982655553       -8.5161276402212547     
  0.99712787856491614       -8.0420445134030096     
   1.0204525073032769       -7.6022738768601013     
   1.0437771360416375       -7.1945839562823775     
   1.0671017647799981       -6.8157080960417193     
   1.0904263935183587       -6.4630353070341062     
   1.1137510222567193       -6.1348668093059509     
   1.1370756509950799       -5.8289097764720497     
   1.1604002797334405       -5.5433560864434179     
   1.1837249084718011       -5.2768784990421080     
   1.2070495372101617       -5.0277256218604034     
   1.2303741659485223       -4.7945345188015054     
   1.2536987946868829       -4.5761286209977010     
   1.2770234234252436       -4.3759048904537501     
   1.3003480521636042       -4.1793526636578084     
   1.3236726809019648       -3.9988326156537903     
   1.3469973096403254       -3.8286207905329874     
   1.3703219383786860       -3.6696737889202025     
   1.3936465671170466       -3.5195661459165861     
   1.4169711958554072       -3.3777743159291149     
   1.4402958245937678       -3.2446805628973618     
   1.4636204533321284       -3.1184570359692763     
   1.4869450820704890       -2.9996415056174981     
   1.5102697108088496       -2.8874642396797618     
   1.5335943395472103       -2.7814805665361608     
   1.5569189682855709       -2.6813174426477930     
   1.5802435970239315       -2.5856038422418921     
   1.6035682257622921       -2.4954543666334486     
   1.6268928545006527       -2.4098308885096649     
   1.6502174832390133       -2.3284553073072805     
   1.6735421119773739       -2.2516544901279798     
   1.6968667407157345       -2.1784209606336233     
   1.7201913694540951       -2.1086256140591502     
   1.7435159981924557       -2.0423810792456405     
   1.7668406269308163       -1.9794924338973550     
   1.7901652556691769       -1.9192577076133801     
   1.8134898844075376       -1.8621624204072855     
   1.8368145131458982       -1.8073229062279763     
   1.8834637706226194       -1.7054436670742070     
   1.9301130280993406       -1.6123115789969802     
   1.9767622855760618       -1.5271210477137773     
   2.0234115430527830       -1.4487955664639016     
   2.0700608005295043       -1.3769225315975957     
   2.1167100580062255       -1.3103917222993973     
   2.1633593154829467       -1.2491727758039903     
   2.2100085729596679       -1.1922501288863352     
   2.2566578304363891       -1.1395177289975353     
   2.3033070879131103       -1.0903959024169634     
   2.3499563453898316       -1.0445865305259923     
   2.3966056028665528       -1.0018338357630303     
   2.4432548603432740      -0.96175712433345162     
   2.4899041178199952      -0.92427391398048409     
   2.5365533752967164      -0.88902482899181856     
   2.5832026327734376      -0.85555786756230756     
   2.6298518902501589      -0.82463845829764515     
   2.6765011477268801      -0.79516280121347349     
   2.7231504052036013      -0.76732744609121117     
   2.7697996626803225      -0.74106609591570860     
   2.8164489201570437      -0.71614340244906594     
   2.8630981776337650      -0.69253006059924305     
   2.9097474351104862      -0.67020162875194877     
   2.9563966925872074      -0.64905149908206039     
   3.0030459500639286      -0.62874791524859364     
   3.0496952075406498      -0.60960726828324707     
   3.0963444650173710      -0.59134833494295180     
   3.1429937224940923      -0.57399629275125097     
   3.1896429799708135      -0.55748154196802324     
   3.2362922374475347      -0.54179897170625557     
   3.2829414949242559      -0.52674190970488777     
   3.3295907524009771      -0.51245095123531492     
   3.3762400098776983      -0.49886277697064207     
   3.4228892673544196      -0.48591958460595863     
   3.4695385248311408      -0.47305211841397615     
 atom Ni   dist =   6.65184  coord =    0.00000   0.00000   6.65184
   7.2889464807377011E-004  -76672.645128530945     
   1.4577892961475402E-003  -38256.006095289820     
   2.1866839442213105E-003  -25449.445690460063     
   2.9155785922950804E-003  -19045.492916317289     
   3.6444732403688503E-003  -15202.765560451100     
   4.3733678884426202E-003  -12640.599426071898     
   5.1022625365163901E-003  -10810.222435953925     
   5.8311571845901600E-003  -9437.3021684990290     
   6.5600518326639299E-003  -8369.3209198689801     
   7.2889464807376998E-003  -7514.8271800521006     
   8.0178411288114697E-003  -6815.5245488755372     
   8.7467357768852404E-003  -6232.8647117860219     
   9.4756304249590112E-003  -5739.7262891872151     
   1.0204525073032782E-002  -5316.9690570695302     
   1.0933419721106553E-002  -4950.5911711574190     
   1.1662314369180323E-002  -4629.9710301758223     
   1.2391209017254094E-002  -4347.0500293263513     
   1.3120103665327865E-002  -4095.5671762021070     
   1.3848998313401636E-002  -3870.5444261445919     
   1.4577892961475407E-002  -3668.0154020088280     
   1.5306787609549177E-002  -3484.7922893789541     
   1.6035682257622946E-002  -3318.2231692619162     
   1.6764576905696715E-002  -3166.1478137684448     
   1.7493471553770484E-002  -3026.7445995139715     
   1.8222366201844253E-002  -2898.9315551927957     
   1.8951260849918022E-002  -2780.1445154694470     
   1.9680155497991791E-002  -2670.5601730643020     
   2.0409050146065560E-002  -2568.8164827484907     
   2.1137944794139329E-002  -2474.1665116397407     
   2.1866839442213098E-002  -2385.7159771502229     
   2.2595734090286868E-002  -2302.6092360690909     
   2.3324628738360637E-002  -2225.5501616954089     
   2.4053523386434406E-002  -2152.7652784702923     
   2.4782418034508175E-002  -2084.2867011250087     
   2.5511312682581944E-002  -2019.7223077114741     
   2.6240207330655713E-002  -1958.7581135223368     
   2.6969101978729482E-002  -1901.1245351544042     
   2.7697996626803251E-002  -1846.5210143700158     
   2.8426891274877020E-002  -1794.7331584023752     
   2.9155785922950789E-002  -1745.5502909743454     
   3.0613575219098330E-002  -1654.2486427030262     
   3.2071364515245872E-002  -1571.2977541881398     
   3.3529153811393410E-002  -1495.6112934094122     
   3.4986943107540948E-002  -1426.2795596460762     
   3.6444732403688486E-002  -1362.5397838343752     
   3.7902521699836024E-002  -1303.7488965705202     
   3.9360310995983562E-002  -1249.3563712899333     
   4.0818100292131100E-002  -1198.8926852858435     
   4.2275889588278638E-002  -1151.9505894104157     
   4.3733678884426176E-002  -1108.1772525017338     
   4.5191468180573714E-002  -1067.2454429164925     
   4.6649257476721252E-002  -1028.9543790904625     
   4.8107046772868790E-002  -992.99880330367660     
   4.9564836069016328E-002  -959.19607644389669     
   5.1022625365163866E-002  -927.35911741996370     
   5.2480414661311404E-002  -897.32734971661387     
   5.3938203957458943E-002  -868.93854815042073     
   5.5395993253606481E-002  -842.10518526189480     
   5.6853782549754019E-002  -816.66525280366739     
   5.8311571845901557E-002  -792.53410841541097     
   5.9769361142049095E-002  -769.61201818213033     
   6.1227150438196633E-002  -747.81248375806115     
   6.2684939734344178E-002  -727.05827967660434     
   6.4142729030491716E-002  -707.28957445996798     
   6.5600518326639254E-002  -688.40579674706009     
   6.7058307622786792E-002  -670.38798320328203     
   6.8516096918934330E-002  -653.16420177035604     
   6.9973886215081868E-002  -636.68729674247049     
   7.1431675511229406E-002  -620.91147548782931     
   7.2889464807376944E-002  -605.79403842950728     
   7.4347254103524482E-002  -591.29666024890389     
   7.5805043399672020E-002  -577.39651772961440     
   7.7262832695819558E-002  -564.02220388440310     
   7.8720621991967096E-002  -551.21743614018851     
   8.0178411288114634E-002  -538.83085545529968     
   8.1636200584262172E-002  -526.94541473041625     
   8.3093989880409710E-002  -515.50070303397194     
   8.4551779176557249E-002  -504.47316209162017     
   8.6009568472704787E-002  -493.84100432935912     
   8.7467357768852325E-002  -483.77471546921754     
   9.0382936361147401E-002  -464.11251011046568     
   9.3298514953442477E-002  -445.95849407546092     
   9.6214093545737553E-002  -428.95358918732347     
   9.9129672138032629E-002  -413.01605964174985     
  0.10204525073032771       -398.04881351587341     
  0.10496082932262278       -383.96841179607998     
  0.10787640791491786       -370.69590031676819     
  0.11079198650721293       -358.16824484879885     
  0.11370756509950801       -346.32705556192002     
  0.11662314369180309       -335.11337849507362     
  0.11953872228409816       -324.48667631442254     
  0.12245430087639324       -314.39837577850670     
  0.12536987946868833       -304.81348323260170     
  0.12828545806098340       -295.69136555074721     
  0.13120103665327848       -287.00999356565728     
  0.13411661524557356       -278.71895779597514     
  0.13703219383786863       -270.81127054215307     
  0.13994777243016371       -263.25043827808480     
  0.14286335102245878       -256.03233231575541     
  0.14577892961475386       -249.11937800438881     
  0.14869450820704894       -242.49535429055032     
  0.15161008679934401       -236.14655116131385     
  0.15452566539163909       -230.06571526266069     
  0.15744124398393416       -224.21063281011200     
  0.16035682257622924       -218.57396998637998     
  0.16327240116852432       -213.21834871434194     
  0.16618797976081939       -207.96393261965284     
  0.16910355835311447       -203.14037466260763     
  0.17201913694540955       -198.17445793005834     
  0.17493471553770462       -193.52936642695570     
  0.17785029412999970       -189.06810638044121     
  0.18076587272229477       -184.73167568648077     
  0.18368145131458985       -180.56205114372162     
  0.18659702990688493       -176.54022429038019     
  0.18951260849918000       -172.64041866203448     
  0.19242818709147508       -168.88573762144756     
  0.19534376568377015       -165.24039144289435     
  0.19825934427606523       -161.71581122595856     
  0.20117492286836031       -158.30449471006813     
  0.20409050146065538       -154.99589758090860     
  0.20992165864524553       -148.70113386272729     
  0.21575281582983569       -142.91441580879280     
  0.22158397301442584       -137.19620430419778     
  0.22741513019901599       -131.93305540539720     
  0.23324628738360614       -126.96578239096337     
  0.23907744456819630       -122.26769287920834     
  0.24490860175278645       -117.82225447776889     
  0.25073975893737660       -113.60829667726300     
  0.25657091612196675       -109.61176665572917     
  0.26240207330655690       -105.81334649929451     
  0.26823323049114706       -102.21249837711673     
  0.27406438767573721       -98.784889049779551     
  0.27989554486032736       -95.560737891731009     
  0.28572670204491751       -92.413111055407313     
  0.29155785922950767       -89.453167178162715     
  0.29738901641409782       -86.629305642105379     
  0.30322017359868797       -83.936727162618467     
  0.30905133078327812       -81.367505569779269     
  0.31488248796786827       -78.920608104082802     
  0.32071364515245843       -76.574008202583045     
  0.32654480233704858       -74.342859010687619     
  0.33237595952163873       -72.212631478641995     
  0.33820711670622888       -70.184922869312416     
  0.34403827389081904       -68.262920982126758     
  0.34986943107540919       -66.444217001337321     
  0.35570058825999934       -64.683174871427966     
  0.36153174544458949       -62.899783350201538     
  0.36736290262917964       -61.212223394313284     
  0.37319405981376980       -59.576413131746037     
  0.37902521699835995       -58.021491678948315     
  0.38485637418295010       -56.513818927021660     
  0.39068753136754025       -55.032014030739923     
  0.39651868855213040       -53.667810939703607     
  0.40234984573672056       -52.322578534630644     
  0.40818100292131071       -51.026776175328891     
  0.41401216010590086       -49.755039605592650     
  0.41984331729049101       -48.573541257484990     
  0.42567447447508117       -47.409449137404486     
  0.43150563165967132       -46.289500293520661     
  0.43733678884426147       -45.204921054241879     
  0.44899910321344177       -43.142964625661101     
  0.46066141758262208       -41.213476509207453     
  0.47232373195180238       -39.403405092614577     
  0.48398604632098269       -37.700022676307945     
  0.49564836069016299       -36.065031684871478     
  0.50731067505934335       -34.584358615500271     
  0.51897298942852366       -33.154934920789799     
  0.53063530379770396       -31.803583129096840     
  0.54229761816688427       -30.523479866352329     
  0.55395993253606457       -29.309685256858078     
  0.56562224690524487       -28.158471559201164     
  0.57728456127442518       -27.063195300812609     
  0.58894687564360548       -26.022945925006127     
  0.60060919001278579       -25.033242220738956     
  0.61227150438196609       -24.090606704430733     
  0.62393381875114640       -23.192474604011952     
  0.63559613312032670       -22.336885071793244     
  0.64725844748950701       -21.533355373456548     
  0.65892076185868731       -20.741910978070109     
  0.67058307622786761       -19.998718754639416     
  0.68224539059704792       -19.285954307807099     
  0.69390770496622822       -18.609552208074462     
  0.70557001933540853       -17.960933621928543     
  0.71723233370458883       -17.340825197326751     
  0.72889464807376914       -16.747689666061508     
  0.74055696244294944       -16.180530923944065     
  0.75221927681212974       -15.636279195483839     
  0.76388159118131005       -15.115687581032283     
  0.77554390555049035       -14.619053606379179     
  0.78720621991967066       -14.140433638276628     
  0.79886853428885096       -13.680234403015625     
  0.81053084865803127       -13.242701899643537     
  0.82219316302721157       -12.823757565427506     
  0.83385547739639188       -12.418883901618123     
  0.84551779176557218       -12.031765746081826     
  0.85718010613475248       -11.659648988338066     
  0.86884242050393279       -11.302915080256220     
  0.88050473487311309       -10.957642295333372     
  0.89216704924229340       -10.629680874508953     
  0.90382936361147370       -10.312257695147311     
  0.92715399234983431       -9.7142565417982958     
  0.95047862108819492       -9.1612796020434679     
  0.97380324982655553       -8.6489158208246568     
  0.99712787856491614       -8.1736414669813868     
   1.0204525073032769       -7.7326074480191620     
   1.0437771360416375       -7.3153008030252300     
   1.0671017647799981       -6.9418909653228074     
   1.0904263935183587       -6.5865178700279881     
   1.1137510222567193       -6.2553321722168240     
   1.1370756509950799       -5.9420738613536006     
   1.1604002797334405       -5.6579431675443237     
   1.1837249084718011       -5.3884043639182888     
   1.2070495372101617       -5.1364504446241437     
   1.2303741659485223       -4.8996756520093294     
   1.2536987946868829       -4.6783367988438949     
   1.2770234234252436       -4.4704438616044193     
   1.3003480521636042       -4.2761176074506588     
   1.3236726809019648       -4.0927558356854856     
   1.3469973096403254       -3.9194556342185130     
   1.3703219383786860       -3.7573183188802091     
   1.3936465671170466       -3.6046693020450782     
   1.4169711958554072       -3.4602486006996562     
   1.4402958245937678       -3.3245725791151330     
   1.4636204533321284       -3.1957470645495967     
   1.4869450820704890       -3.0747380394233210     
   1.5102697108088496       -2.9602173661113529     
   1.5335943395472103       -2.8520137635888618     
   1.5569189682855709       -2.7487922614483935     
   1.5802435970239315       -2.6519049850355967     
   1.6035682257622921       -2.5596625357977629     
   1.6268928545006527       -2.4721077668359124     
   1.6502174832390133       -2.3907586277034634     
   1.6735421119773739       -2.3103114438544408     
   1.6968667407157345       -2.2352062472587004     
   1.7201913694540951       -2.1594021349437162     
   1.7435159981924557       -2.0959525832604342     
   1.7668406269308163       -2.0314433066616928     
   1.7901652556691769       -1.9699343316131477     
   1.8134898844075376       -1.9136637936011871     
   1.8368145131458982       -1.8553201339031269     
   1.8834637706226194       -1.7506586395354076     
   1.9301130280993406       -1.6551078576733103     
   1.9767622855760618       -1.5670324827939166     
   2.0234115430527830       -1.4865155436271220     
   2.0700608005295043       -1.4126201398251363     
   2.1167100580062255       -1.3440401210274449     
   2.1633593154829467       -1.2811890335306557     
   2.2100085729596679       -1.2226394334574335     
   2.2566578304363891       -1.1683835652550383     
   2.3033070879131103       -1.1174764393364216     
   2.3499563453898316       -1.0720518749216930     
   2.3966056028665528       -1.0268768946639015     
   2.4432548603432740      -0.98572327520640357     
   2.4899041178199952      -0.94724625792975248     
   2.5365533752967164      -0.91115032921142836     
   2.5832026327734376      -0.87721005275810082     
   2.6298518902501589      -0.84532457985192155     
   2.6765011477268801      -0.81542187460219073     
   2.7231504052036013      -0.78697790302035830     
   2.7697996626803225      -0.76035943567768149     
   2.8164489201570437      -0.73502762620435735     
   2.8630981776337650      -0.71117656829262343     
   2.9097474351104862      -0.68860432593043630     
   2.9563966925872074      -0.66728495097879004     
   3.0030459500639286      -0.64707177591966891     
   3.0496952075406498      -0.62737223089999361     
   3.0963444650173710      -0.60992606861875442     
   3.1429937224940923      -0.59270911806616700     
   3.1896429799708135      -0.57649456394522947     
   3.2362922374475347      -0.56094374538488079     
   3.2829414949242559      -0.54654919971269211     
   3.3295907524009771      -0.53278814843148070     
   3.3762400098776983      -0.51975928227982982     
   3.4228892673544196      -0.50752971603501218     
   3.4695385248311408      -0.49585543564579182     
 atom Ni   dist =  13.30367  coord =    0.00000   0.00000  13.30367
   7.2889464807377011E-004  -76672.645087641664     
   1.4577892961475402E-003  -38256.006054400634     
   2.1866839442213105E-003  -25449.445649571066     
   2.9155785922950804E-003  -19045.492875428550     
   3.6444732403688503E-003  -15202.765519562683     
   4.3733678884426202E-003  -12640.599385183878     
   5.1022625365163901E-003  -10810.222395066374     
   5.8311571845901600E-003  -9437.3021276120144     
   6.5600518326639299E-003  -8369.3208789825749     
   7.2889464807376998E-003  -7514.8271391663757     
   8.0178411288114697E-003  -6815.5245079905708     
   8.7467357768852404E-003  -6232.8646709018703     
   9.4756304249590112E-003  -5739.7262483039576     
   1.0204525073032782E-002  -5316.9690161872359     
   1.0933419721106553E-002  -4950.5911302761606     
   1.1662314369180323E-002  -4629.9709892956707     
   1.2391209017254094E-002  -4347.0499884473766     
   1.3120103665327865E-002  -4095.5671353243806     
   1.3848998313401636E-002  -3870.5443852681847     
   1.4577892961475407E-002  -3668.0153611338192     
   1.5306787609549177E-002  -3484.7922485053987     
   1.6035682257622946E-002  -3318.2231283898932     
   1.6764576905696715E-002  -3166.1477728980158     
   1.7493471553770484E-002  -3026.7445586452268     
   1.8222366201844253E-002  -2898.9315143257513     
   1.8951260849918022E-002  -2780.1444746042648     
   1.9680155497991791E-002  -2670.5601322010075     
   2.0409050146065560E-002  -2568.8164418871543     
   2.1137944794139329E-002  -2474.1664707804225     
   2.1866839442213098E-002  -2385.7159362930183     
   2.2595734090286868E-002  -2302.6091952140973     
   2.3324628738360637E-002  -2225.5501208426199     
   2.4053523386434406E-002  -2152.7652376198175     
   2.4782418034508175E-002  -2084.2866602769204     
   2.5511312682581944E-002  -2019.7222668658421     
   2.6240207330655713E-002  -1958.7580726792332     
   2.6969101978729482E-002  -1901.1244943139059     
   2.7697996626803251E-002  -1846.5209735321814     
   2.8426891274877020E-002  -1794.7331175672819     
   2.9155785922950789E-002  -1745.5502501420644     
   3.0613575219098330E-002  -1654.2486018765835     
   3.2071364515245872E-002  -1571.2977133678207     
   3.3529153811393410E-002  -1495.6112525955020     
   3.4986943107540948E-002  -1426.2795188388566     
   3.6444732403688486E-002  -1362.5397430341329     
   3.7902521699836024E-002  -1303.7488557877541     
   3.9360310995983562E-002  -1249.3563305245543     
   4.0818100292131100E-002  -1198.8926445374045     
   4.2275889588278638E-002  -1151.9505486785315     
   4.3733678884426176E-002  -1108.1772117860726     
   4.5191468180573714E-002  -1067.2454022167367     
   4.6649257476721252E-002  -1028.9543384064307     
   4.8107046772868790E-002  -992.99876263512999     
   4.9564836069016328E-002  -959.19603579065677     
   5.1022625365163866E-002  -927.35907678188153     
   5.2480414661311404E-002  -897.32730909356428     
   5.3938203957458943E-002  -868.93850754232778     
   5.5395993253606481E-002  -842.10514466862469     
   5.6853782549754019E-002  -816.66521222543406     
   5.8311571845901557E-002  -792.53406785818186     
   5.9769361142049095E-002  -769.61197764556118     
   6.1227150438196633E-002  -747.81244324182603     
   6.2684939734344178E-002  -727.05823918040539     
   6.4142729030491716E-002  -707.28953398352621     
   6.5600518326639254E-002  -688.40575629010937     
   6.7058307622786792E-002  -670.38794276559986     
   6.8516096918934330E-002  -653.16416135171210     
   6.9973886215081868E-002  -636.68725634265718     
   7.1431675511229406E-002  -620.91143510665393     
   7.2889464807376944E-002  -605.79399806679078     
   7.4347254103524482E-002  -591.29661990447687     
   7.5805043399672020E-002  -577.39647740329474     
   7.7262832695819558E-002  -564.02216357609529     
   7.8720621991967096E-002  -551.21739584970942     
   8.0178411288114634E-002  -538.83081518256222     
   8.1636200584262172E-002  -526.94537447527716     
   8.3093989880409710E-002  -515.50066279631926     
   8.4551779176557249E-002  -504.47312187296575     
   8.6009568472704787E-002  -493.84096414847079     
   8.7467357768852325E-002  -483.77467532529528     
   9.0382936361147401E-002  -464.11247003828203     
   9.3298514953442477E-002  -445.95845407215563     
   9.6214093545737553E-002  -428.95354925049622     
   9.9129672138032629E-002  -413.01601976893363     
  0.10204525073032771       -398.04877370485320     
  0.10496082932262278       -383.96837207971197     
  0.10787640791491786       -370.69586069253882     
  0.11079198650721293       -358.16820531297196     
  0.11370756509950801       -346.32701611095678     
  0.11662314369180309       -335.11333912561923     
  0.11953872228409816       -324.48663702328452     
  0.12245430087639324       -314.39833656264153     
  0.12536987946868833       -304.81344408909683     
  0.12828545806098340       -295.69132647681732     
  0.13120103665327848       -287.00995455544785     
  0.13411661524557356       -278.71891884361213     
  0.13703219383786863       -270.81123164551155     
  0.13994777243016371       -263.25039943510586     
  0.14286335102245878       -256.03229352449762     
  0.14577892961475386       -249.11933926297920     
  0.14869450820704894       -242.49531559717789     
  0.15161008679934401       -236.14651251197972     
  0.15452566539163909       -230.06567665363988     
  0.15744124398393416       -224.21059424016880     
  0.16035682257622924       -218.57393145414949     
  0.16327240116852432       -213.21831021841433     
  0.16618797976081939       -207.96389415914578     
  0.16910355835311447       -203.14033623619244     
  0.17201913694540955       -198.17441953659434     
  0.17493471553770462       -193.52932806547730     
  0.17785029412999970       -189.06806804987849     
  0.18076587272229477       -184.73163738598001     
  0.18368145131458985       -180.56201287234578     
  0.18659702990688493       -176.54018604733784     
  0.18951260849918000       -172.64038044634208     
  0.19242818709147508       -168.88569943240543     
  0.19534376568377015       -165.24035327969071     
  0.19825934427606523       -161.71577308789836     
  0.20117492286836031       -158.30445659640688     
  0.20409050146065538       -154.99585949078417     
  0.20992165864524553       -148.70109581830508     
  0.21575281582983569       -142.91437780711914     
  0.22158397301442584       -137.19616634364303     
  0.22741513019901599       -131.93301748968673     
  0.23324628738360614       -126.96574451977470     
  0.23907744456819630       -122.26765505000490     
  0.24490860175278645       -117.82221668915274     
  0.25073975893737660       -113.60825892992850     
  0.25657091612196675       -109.61172894672733     
  0.26240207330655690       -105.81330882504150     
  0.26823323049114706       -102.21246073516188     
  0.27406438767573721       -98.784851424453620     
  0.27989554486032736       -95.560700268764776     
  0.28572670204491751       -92.413073432773018     
  0.29155785922950767       -89.453129539807051     
  0.29738901641409782       -86.629267972084492     
  0.30322017359868797       -83.936689459814389     
  0.30905133078327812       -81.367467833495354     
  0.31488248796786827       -78.920570333137604     
  0.32071364515245843       -76.573970391023096     
  0.32654480233704858       -74.342821156830880     
  0.33237595952163873       -72.212593581931586     
  0.33820711670622888       -70.184884927712986     
  0.34403827389081904       -68.262882992837504     
  0.34986943107540919       -66.444178969744627     
  0.35570058825999934       -64.683136791803577     
  0.36153174544458949       -62.899745237187410     
  0.36736290262917964       -61.212185239372353     
  0.37319405981376980       -59.576374936256414     
  0.37902521699835995       -58.021453445025557     
  0.38485637418295010       -56.513780656027322     
  0.39068753136754025       -55.031975723205974     
  0.39651868855213040       -53.667772598246515     
  0.40234984573672056       -52.322540161009030     
  0.40818100292131071       -51.026737771775146     
  0.41401216010590086       -49.755001175888744     
  0.41984331729049101       -48.573502807922310     
  0.42567447447508117       -47.409410668486963     
  0.43150563165967132       -46.289461809065791     
  0.43733678884426147       -45.204882556174702     
  0.44899910321344177       -43.142926105555929     
  0.46066141758262208       -41.213437983033437     
  0.47232373195180238       -39.403366584075364     
  0.48398604632098269       -37.699984215414936     
  0.49564836069016299       -36.064993280496438     
  0.50731067505934335       -34.584320268099980     
  0.51897298942852366       -33.154896621129772     
  0.53063530379770396       -31.803544876572804     
  0.54229761816688427       -30.523441656367289     
  0.55395993253606457       -29.309647089253460     
  0.56562224690524487       -28.158433433084468     
  0.57728456127442518       -27.063157214957073     
  0.58894687564360548       -26.022907881031735     
  0.60060919001278579       -25.033204215773285     
  0.61227150438196609       -24.090568744937411     
  0.62393381875114640       -23.192436688741555     
  0.63559613312032670       -22.336847198575601     
  0.64725844748950701       -21.533317542704669     
  0.65892076185868731       -20.741873153947452     
  0.67058307622786761       -19.998680923281992     
  0.68224539059704792       -19.285916458033689     
  0.69390770496622822       -18.609514286298271     
  0.70557001933540853       -17.960895668271835     
  0.71723233370458883       -17.340787220629746     
  0.72889464807376914       -16.747651660943735     
  0.74055696244294944       -16.180492888905423     
  0.75221927681212974       -15.636241131788664     
  0.76388159118131005       -15.115649487117222     
  0.77554390555049035       -14.619015498438012     
  0.78720621991967066       -14.140395507762900     
  0.79886853428885096       -13.680196246296315     
  0.81053084865803127       -13.242663734481980     
  0.82219316302721157       -12.823719392236434     
  0.83385547739639188       -12.418845727726826     
  0.84551779176557218       -12.031727583980210     
  0.85718010613475248       -11.659610851571092     
  0.86884242050393279       -11.302876981868900     
  0.88050473487311309       -10.957604224674192     
  0.89216704924229340       -10.629642856147633     
  0.90382936361147370       -10.312219726416647     
  0.92715399234983431       -9.7142186612887755     
  0.95047862108819492       -9.1612418105188880     
  0.97380324982655553       -8.6488781119740477     
  0.99712787856491614       -8.1736038271498899     
   1.0204525073032769       -7.7325699024765457     
   1.0437771360416375       -7.3152632758372773     
   1.0671017647799981       -6.9418534494525899     
   1.0904263935183587       -6.5864803507199552     
   1.1137510222567193       -6.2552946799576041     
   1.1370756509950799       -5.9420363305924520     
   1.1604002797334405       -5.6579057100075305     
   1.1837249084718011       -5.3883669341094294     
   1.2070495372101617       -5.1364130563463224     
   1.2303741659485223       -4.8996383531413006     
   1.2536987946868829       -4.6782996068384257     
   1.2770234234252436       -4.4704068119310101     
   1.3003480521636042       -4.2760808845642737     
   1.3236726809019648       -4.0927189479418660     
   1.3469973096403254       -3.9194190202944159     
   1.3703219383786860       -3.7572816799536888     
   1.3936465671170466       -3.6046329549856484     
   1.4169711958554072       -3.4602122103006843     
   1.4402958245937678       -3.3245362438108037     
   1.4636204533321284       -3.1957108027667669     
   1.4869450820704890       -3.0747020694612774     
   1.5102697108088496       -2.9601816076848557     
   1.5335943395472103       -2.8519782227269341     
   1.5569189682855709       -2.7487567464869329     
   1.5802435970239315       -2.6518698135880854     
   1.6035682257622921       -2.5596275802850972     
   1.6268928545006527       -2.4720730171061174     
   1.6502174832390133       -2.3907232180174365     
   1.6735421119773739       -2.3102771617324884     
   1.6968667407157345       -2.2351723763299312     
   1.7201913694540951       -2.1593681001301901     
   1.7435159981924557       -2.0959193956562503     
   1.7668406269308163       -2.0314104065999565     
   1.7901652556691769       -1.9699020982672493     
   1.8134898844075376       -1.9136338025067661     
   1.8368145131458982       -1.8552896494157975     
   1.8834637706226194       -1.7502047863464310     
   1.9301130280993406       -1.6550797140228364     
   1.9767622855760618       -1.5670036143280872     
   2.0234115430527830       -1.4864879186470017     
   2.0700608005295043       -1.4125938269285507     
   2.1167100580062255       -1.3440135658623793     
   2.1633593154829467       -1.2811658571870117     
   2.2100085729596679       -1.2226179883688904     
   2.2566578304363891       -1.1683641032755834     
   2.3033070879131103       -1.1174563039701344     
   2.3499563453898316       -1.0720459463647511     
   2.3966056028665528       -1.0268648030270109     
   2.4432548603432740      -0.98571437622334990     
   2.4899041178199952      -0.94724055788473738     
   2.5365533752967164      -0.91114825131730970     
   2.5832026327734376      -0.87704896723512793     
   2.6298518902501589      -0.84533132638544106     
   2.6765011477268801      -0.81542845388533991     
   2.7231504052036013      -0.78698903371364159     
   2.7697996626803225      -0.76039008591555635     
   2.8164489201570437      -0.73505954839811549     
   2.8630981776337650      -0.71121106972423476     
   2.9097474351104862      -0.68864896826430799     
   2.9563966925872074      -0.66733307343760018     
   3.0030459500639286      -0.64713441567200414     
   3.0496952075406498      -0.62804908999482523     
   3.0963444650173710      -0.61001715882921315     
   3.1429937224940923      -0.59283313640034763     
   3.1896429799708135      -0.57660536845678234     
   3.2362922374475347      -0.56105132265376600     
   3.2829414949242559      -0.54669601814547675     
   3.3295907524009771      -0.53295226442609700     
   3.3762400098776983      -0.51994023795114064     
   3.4228892673544196      -0.50758523484306139     
   3.4695385248311408      -0.49608589519318436     
 atom Ni   dist =  19.95551  coord =    0.00000   0.00000  19.95551
   7.2889464807377011E-004  -76672.645128878750     
   1.4577892961475402E-003  -38256.006095637662     
   2.1866839442213105E-003  -25449.445690808006     
   2.9155785922950804E-003  -19045.492916665349     
   3.6444732403688503E-003  -15202.765560799307     
   4.3733678884426202E-003  -12640.599426420289     
   5.1022625365163901E-003  -10810.222436302533     
   5.8311571845901600E-003  -9437.3021688478857     
   6.5600518326639299E-003  -8369.3209202181170     
   7.2889464807376998E-003  -7514.8271804015494     
   8.0178411288114697E-003  -6815.5245492253362     
   8.7467357768852404E-003  -6232.8647121361937     
   9.4756304249590112E-003  -5739.7262895377980     
   1.0204525073032782E-002  -5316.9690574205551     
   1.0933419721106553E-002  -4950.5911715089205     
   1.1662314369180323E-002  -4629.9710305278313     
   1.2391209017254094E-002  -4347.0500296789014     
   1.3120103665327865E-002  -4095.5671765552306     
   1.3848998313401636E-002  -3870.5444264983203     
   1.4577892961475407E-002  -3668.0154023631999     
   1.5306787609549177E-002  -3484.7922897339922     
   1.6035682257622946E-002  -3318.2231696176568     
   1.6764576905696715E-002  -3166.1478141249149     
   1.7493471553770484E-002  -3026.7445998712169     
   1.8222366201844253E-002  -2898.9315555508101     
   1.8951260849918022E-002  -2780.1445158283263     
   1.9680155497991791E-002  -2670.5601734240481     
   2.0409050146065560E-002  -2568.8164831091344     
   2.1137944794139329E-002  -2474.1665120013067     
   2.1866839442213098E-002  -2385.7159775127625     
   2.2595734090286868E-002  -2302.6092364326537     
   2.3324628738360637E-002  -2225.5501620599730     
   2.4053523386434406E-002  -2152.7652788359183     
   2.4782418034508175E-002  -2084.2867014917292     
   2.5511312682581944E-002  -2019.7223080793215     
   2.6240207330655713E-002  -1958.7581138913440     
   2.6969101978729482E-002  -1901.1245355246076     
   2.7697996626803251E-002  -1846.5210147414398     
   2.8426891274877020E-002  -1794.7331587750564     
   2.9155785922950789E-002  -1745.5502913483163     
   3.0613575219098330E-002  -1654.2486430796744     
   3.2071364515245872E-002  -1571.2977545675969     
   3.3529153811393410E-002  -1495.6112937918087     
   3.4986943107540948E-002  -1426.2795600315405     
   3.6444732403688486E-002  -1362.5397842230398     
   3.7902521699836024E-002  -1303.7488969727287     
   3.9360310995983562E-002  -1249.3563717054433     
   4.0818100292131100E-002  -1198.8926857140536     
   4.2275889588278638E-002  -1151.9505898507862     
   4.3733678884426176E-002  -1108.1772529537786     
   4.5191468180573714E-002  -1067.2454433797500     
   4.6649257476721252E-002  -1028.9543795645777     
   4.8107046772868790E-002  -992.99880378826583     
   4.9564836069016328E-002  -959.19607693862747     
   5.1022625365163866E-002  -927.35911792453294     
   5.2480414661311404E-002  -897.32735023074258     
   5.3938203957458943E-002  -868.93854867387029     
   5.5395993253606481E-002  -842.10518579439349     
   5.6853782549754019E-002  -816.66525334526625     
   5.8311571845901557E-002  -792.53410897192612     
   5.9769361142049095E-002  -769.61201875306165     
   6.1227150438196633E-002  -747.81248434292911     
   6.2684939734344178E-002  -727.05828027495693     
   6.4142729030491716E-002  -707.28957507137261     
   6.5600518326639254E-002  -688.40579737110011     
   6.7058307622786792E-002  -670.38798383957555     
   6.8516096918934330E-002  -653.16420241852154     
   6.9973886215081868E-002  -636.68729740214724     
   7.1431675511229406E-002  -620.91147615867067     
   7.2889464807376944E-002  -605.79403911118072     
   7.4347254103524482E-002  -591.29666094108688     
   7.5805043399672020E-002  -577.39651843198010     
   7.7262832695819558E-002  -564.02220459668467     
   7.8720621991967096E-002  -551.21743686206571     
   8.0178411288114634E-002  -538.83085618651728     
   8.1636200584262172E-002  -526.94541547068559     
   8.3093989880409710E-002  -515.50070378302792     
   8.4551779176557249E-002  -504.47316284920203     
   8.6009568472704787E-002  -493.84100509521835     
   8.7467357768852325E-002  -483.77471624309777     
   9.0382936361147401E-002  -464.11251089969130     
   9.3298514953442477E-002  -445.95849487905519     
   9.6214093545737553E-002  -428.95359000450884     
   9.9129672138032629E-002  -413.01606047162079     
  0.10204525073032771       -398.04881435761115     
  0.10496082932262278       -383.96841264889008     
  0.10787640791491786       -370.69590117987684     
  0.11079198650721293       -358.16824572145612     
  0.11370756509950801       -346.32705644339211     
  0.11662314369180309       -335.11337938464538     
  0.11953872228409816       -324.48667721139356     
  0.12245430087639324       -314.39837668219070     
  0.12536987946868833       -304.81348414232286     
  0.12828545806098340       -295.69136646584474     
  0.13120103665327848       -287.00999448229271     
  0.13411661524557356       -278.71895871022480     
  0.13703219383786863       -270.81127145373290     
  0.13994777243016371       -263.25043918670912     
  0.14286335102245878       -256.03233322117921     
  0.14577892961475386       -249.11937890637486     
  0.14869450820704894       -242.49535518886677     
  0.15161008679934401       -236.14655205348086     
  0.15452566539163909       -230.06571614644074     
  0.15744124398393416       -224.21063368565999     
  0.16035682257622924       -218.57397085371656     
  0.16327240116852432       -213.21834957341835     
  0.16618797976081939       -207.96393347083651     
  0.16910355835311447       -203.14037550586409     
  0.17201913694540955       -198.17445876548578     
  0.17493471553770462       -193.52936725477883     
  0.17785029412999970       -189.06810720077021     
  0.18076587272229477       -184.73167649959572     
  0.18368145131458985       -180.56205194980802     
  0.18659702990688493       -176.54022508973563     
  0.18951260849918000       -172.64041945476163     
  0.19242818709147508       -168.88573840789130     
  0.19534376568377015       -165.24039222327909     
  0.19825934427606523       -161.71581200060120     
  0.20117492286836031       -158.30449547922348     
  0.20409050146065538       -154.99589834470265     
  0.20992165864524553       -148.70113461728775     
  0.21575281582983569       -142.91441655492932     
  0.22158397301442584       -137.19620504391622     
  0.22741513019901599       -131.93305614598495     
  0.23324628738360614       -126.96578313557190     
  0.23907744456819630       -122.26769362870202     
  0.24490860175278645       -117.82225523408204     
  0.25073975893737660       -113.60829744435875     
  0.25657091612196675       -109.61176743387608     
  0.26240207330655690       -105.81334728805237     
  0.26823323049114706       -102.21249917718718     
  0.27406438767573721       -98.784889860878081     
  0.27989554486032736       -95.560738713174672     
  0.28572670204491751       -92.413111887042902     
  0.29155785922950767       -89.453168019232535     
  0.29738901641409782       -86.629306492082137     
  0.30322017359868797       -83.936728020690680     
  0.30905133078327812       -81.367506435405417     
  0.31488248796786827       -78.920608976083187     
  0.32071364515245843       -76.574009074880891     
  0.32654480233704858       -74.342859881348673     
  0.33237595952163873       -72.212632346749629     
  0.33820711670622888       -70.184923732400634     
  0.34403827389081904       -68.262921836867790     
  0.34986943107540919       -66.444217852230992     
  0.35570058825999934       -64.683175712307204     
  0.36153174544458949       -62.899784194049516     
  0.36736290262917964       -61.212224232207078     
  0.37319405981376980       -59.576413964054630     
  0.37902521699835995       -58.021492506662575     
  0.38485637418295010       -56.513819750379660     
  0.39068753136754025       -55.032014849177600     
  0.39651868855213040       -53.667811754521047     
  0.40234984573672056       -52.322579346300522     
  0.40818100292131071       -51.026776984714381     
  0.41401216010590086       -49.755040415309423     
  0.41984331729049101       -48.573542072094853     
  0.42567447447508117       -47.409449956082078     
  0.43150563165967132       -46.289501118422308     
  0.43733678884426147       -45.204921885905080     
  0.44899910321344177       -43.142965471253603     
  0.46066141758262208       -41.213477371081517     
  0.47232373195180238       -39.403405969606460     
  0.48398604632098269       -37.700023566501343     
  0.49564836069016299       -36.065032585064081     
  0.50731067505934335       -34.584359523986869     
  0.51897298942852366       -33.154935827659806     
  0.53063530379770396       -31.803584033325709     
  0.54229761816688427       -30.523480763984281     
  0.55395993253606457       -29.309686148700049     
  0.56562224690524487       -28.158472445940451     
  0.57728456127442518       -27.063196183325346     
  0.58894687564360548       -26.022946807350081     
  0.60060919001278579       -25.033243103239325     
  0.61227150438196609       -24.090607596814536     
  0.62393381875114640       -23.192475508781854     
  0.63559613312032670       -22.336885990852867     
  0.64725844748950701       -21.533356315766731     
  0.65892076185868731       -20.741911924806214     
  0.67058307622786761       -19.998719716377394     
  0.68224539059704792       -19.285955283192131     
  0.69390770496622822       -18.609553145319275     
  0.70557001933540853       -17.960934562503724     
  0.71723233370458883       -17.340826150306498     
  0.72889464807376914       -16.747690626349303     
  0.74055696244294944       -16.180531889766211     
  0.75221927681212974       -15.636280167288202     
  0.76388159118131005       -15.115688556190644     
  0.77554390555049035       -14.619054598692893     
  0.78720621991967066       -14.140434637789209     
  0.79886853428885096       -13.680235404139241     
  0.81053084865803127       -13.242702916652965     
  0.82219316302721157       -12.823758595945634     
  0.83385547739639188       -12.418884946597107     
  0.84551779176557218       -12.031766806032914     
  0.85718010613475248       -11.659650056730909     
  0.86884242050393279       -11.302916161554915     
  0.88050473487311309       -10.957643377913344     
  0.89216704924229340       -10.629681980535016     
  0.90382936361147370       -10.312258821419887     
  0.92715399234983431       -9.7142576975646531     
  0.95047862108819492       -9.1612807898163258     
  0.97380324982655553       -8.6489170389615779     
  0.99712787856491614       -8.1736427090935244     
   1.0204525073032769       -7.7326087500245606     
   1.0437771360416375       -7.3153021306700357     
   1.0671017647799981       -6.9418923447052645     
   1.0904263935183587       -6.5865192910589272     
   1.1137510222567193       -6.2553336659130636     
   1.1370756509950799       -5.9420753632952019     
   1.1604002797334405       -5.6579447823442059     
   1.1837249084718011       -5.3884060422104030     
   1.2070495372101617       -5.1364521907760459     
   1.2303741659485223       -4.8996774796956943     
   1.2536987946868829       -4.6783386958074482     
   1.2770234234252436       -4.4704458583468538     
   1.3003480521636042       -4.2761198818972987     
   1.3236726809019648       -4.0927579103424252     
   1.3469973096403254       -3.9194579389291411     
   1.3703219383786860       -3.7573205664607880     
   1.3936465671170466       -3.6046718100729152     
   1.4169711958554072       -3.4602512642591994     
   1.4402958245937678       -3.3245753022170192     
   1.4636204533321284       -3.1957498657511301     
   1.4869450820704890       -3.0747411316822237     
   1.5102697108088496       -2.9602206709423453     
   1.5335943395472103       -2.8520172862932114     
   1.5569189682855709       -2.7487958142392972     
   1.5802435970239315       -2.6519088754488309     
   1.6035682257622921       -2.5596666318058023     
   1.6268928545006527       -2.4721120571870778     
   1.6502174832390133       -2.3907622653144518     
   1.6735421119773739       -2.3103161767856806     
   1.6968667407157345       -2.2352113754168346     
   1.7201913694540951       -2.1594070952957645     
   1.7435159981924557       -2.0959583678112699     
   1.7668406269308163       -2.0314493683893398     
   1.7901652556691769       -1.9699410482044692     
   1.8134898844075376       -1.9136727123532127     
   1.8368145131458982       -1.8553285700490478     
   1.8834637706226194       -1.7502437172155603     
   1.9301130280993406       -1.6551185999453142     
   1.9767622855760618       -1.5670425108822350     
   2.0234115430527830       -1.4865267877531516     
   2.0700608005295043       -1.4126326684751180     
   2.1167100580062255       -1.3440524044073510     
   2.1633593154829467       -1.2812046451777388     
   2.2100085729596679       -1.2226567542763109     
   2.2566578304363891       -1.1684028449547399     
   2.3033070879131103       -1.1174950581308734     
   2.3499563453898316       -1.0720845134224686     
   2.3966056028665528       -1.0269034527605210     
   2.4432548603432740      -0.98575298710283876     
   2.4899041178199952      -0.94727913151723575     
   2.5365533752967164      -0.91118678612484061     
   2.5832026327734376      -0.87708751957888942     
   2.6298518902501589      -0.84536977000943070     
   2.6765011477268801      -0.81546690696554136     
   2.7231504052036013      -0.78702744150252368     
   2.7697996626803225      -0.76042830328674149     
   2.8164489201570437      -0.73509776161073259     
   2.8630981776337650      -0.71124917945409261     
   2.9097474351104862      -0.68868707992293055     
   2.9563966925872074      -0.66737123222238193     
   3.0030459500639286      -0.64717238155547074     
   3.0496952075406498      -0.62808696771462413     
   3.0963444650173710      -0.61005491855546734     
   3.1429937224940923      -0.59287084343327823     
   3.1896429799708135      -0.57664298820851656     
   3.2362922374475347      -0.56108898001265306     
   3.2829414949242559      -0.54673338610418976     
   3.3295907524009771      -0.53298952296170732     
   3.3762400098776983      -0.51997739772495510     
   3.4228892673544196      -0.50762249996926456     
   3.4695385248311408      -0.49612273908341159     
 atom Ni   dist =  26.60734  coord =    0.00000   0.00000  26.60734
   7.2889464807377011E-004  -76672.644542548078     
   1.4577892961475402E-003  -38256.005509302071     
   2.1866839442213105E-003  -25449.445104467901     
   2.9155785922950804E-003  -19045.492330319015     
   3.6444732403688503E-003  -15202.764974449770     
   4.3733678884426202E-003  -12640.598840066050     
   5.1022625365163901E-003  -10810.221849942382     
   5.8311571845901600E-003  -9437.3015824833474     
   6.5600518326639299E-003  -8369.3203338479307     
   7.2889464807376998E-003  -7514.8265940256415     
   8.0178411288114697E-003  -6815.5239628400259     
   8.7467357768852404E-003  -6232.8641257479012     
   9.4756304249590112E-003  -5739.7257031425552     
   1.0204525073032782E-002  -5316.9684710191032     
   1.0933419721106553E-002  -4950.5905850997715     
   1.1662314369180323E-002  -4629.9704441113336     
   1.2391209017254094E-002  -4347.0494432548894     
   1.3120103665327865E-002  -4095.5665901228381     
   1.3848998313401636E-002  -3870.5438400576695     
   1.4577892961475407E-002  -3668.0148159091314     
   1.5306787609549177E-002  -3484.7917032755863     
   1.6035682257622946E-002  -3318.2225831498909     
   1.6764576905696715E-002  -3166.1472276527297     
   1.7493471553770484E-002  -3026.7440133838450     
   1.8222366201844253E-002  -2898.9309690773284     
   1.8951260849918022E-002  -2780.1439293200060     
   1.9680155497991791E-002  -2670.5595869047843     
   2.0409050146065560E-002  -2568.8158965785115     
   2.1137944794139329E-002  -2474.1659254655883     
   2.1866839442213098E-002  -2385.7153909585022     
   2.2595734090286868E-002  -2302.6086498453360     
   2.3324628738360637E-002  -2225.5495754806702     
   2.4053523386434406E-002  -2152.7646922437120     
   2.4782418034508175E-002  -2084.2861148858719     
   2.5511312682581944E-002  -2019.7217214596990     
   2.6240207330655713E-002  -1958.7575272572112     
   2.6969101978729482E-002  -1901.1239488727022     
   2.7697996626803251E-002  -1846.5204280777091     
   2.8426891274877020E-002  -1794.7325720963884     
   2.9155785922950789E-002  -1745.5497046537841     
   3.0613575219098330E-002  -1654.2480563526669     
   3.2071364515245872E-002  -1571.2971678063470     
   3.3529153811393410E-002  -1495.6107069938394     
   3.4986943107540948E-002  -1426.2789731971802     
   3.6444732403688486E-002  -1362.5391973490746     
   3.7902521699836024E-002  -1303.7483100655481     
   3.9360310995983562E-002  -1249.3557847624174     
   4.0818100292131100E-002  -1198.8920987331724     
   4.2275889588278638E-002  -1151.9500028294633     
   4.3733678884426176E-002  -1108.1766658903446     
   4.5191468180573714E-002  -1067.2448562902291     
   4.6649257476721252E-002  -1028.9537924105509     
   4.8107046772868790E-002  -992.99821658528379     
   4.9564836069016328E-002  -959.19548968519041     
   5.1022625365163866E-002  -927.35853061845489     
   5.2480414661311404E-002  -897.32676287055676     
   5.3938203957458943E-002  -868.93796124185417     
   5.5395993253606481E-002  -842.10459831950482     
   5.6853782549754019E-002  -816.66466580926010     
   5.8311571845901557E-002  -792.53352138724063     
   5.9769361142049095E-002  -769.61143111407694     
   6.1227150438196633E-002  -747.81189664902604     
   6.2684939734344178E-002  -727.05769252316577     
   6.4142729030491716E-002  -707.28898726063903     
   6.5600518326639254E-002  -688.40520950548273     
   6.7058307622786792E-002  -670.38739590676278     
   6.8516096918934330E-002  -653.16361442206937     
   6.9973886215081868E-002  -636.68670934109912     
   7.1431675511229406E-002  -620.91088803171010     
   7.2889464807376944E-002  -605.79345091628613     
   7.4347254103524482E-002  -591.29607267844074     
   7.5805043399672020E-002  -577.39593011787883     
   7.7262832695819558E-002  -564.02161619455705     
   7.8720621991967096E-002  -551.21684840331636     
   8.0178411288114634E-002  -538.83026764074521     
   8.1636200584262172E-002  -526.94482685362470     
   8.3093989880409710E-002  -515.50011509342062     
   8.4551779176557249E-002  -504.47257408806638     
   8.6009568472704787E-002  -493.84041625774194     
   8.7467357768852325E-002  -483.77412734058623     
   9.0382936361147401E-002  -464.11192184305264     
   9.3298514953442477E-002  -445.95790573576437     
   9.6214093545737553E-002  -428.95300064392609     
   9.9129672138032629E-002  -413.01547095951145     
  0.10204525073032771       -398.04822468900983     
  0.10496082932262278       -383.96782282062611     
  0.10787640791491786       -370.69531119178248     
  0.11079198650721293       -358.16765556890675     
  0.11370756509950801       -346.32646612496831     
  0.11662314369180309       -335.11278889578773     
  0.11953872228409816       -324.48608654825455     
  0.12245430087639324       -314.39778583976988     
  0.12536987946868833       -304.81289311821678     
  0.12828545806098340       -295.69077525224509     
  0.13120103665327848       -287.00940303754180     
  0.13411661524557356       -278.71836709106952     
  0.13703219383786863       -270.81067962628140     
  0.13994777243016371       -263.24984715338798     
  0.14286335102245878       -256.03174095811585     
  0.14577892961475386       -249.11878640713383     
  0.14869450820704894       -242.49476246537790     
  0.15161008679934401       -236.14595909223863     
  0.15452566539163909       -230.06512304637258     
  0.15744124398393416       -224.21004026559868     
  0.16035682257622924       -218.57337715070310     
  0.16327240116852432       -213.21775574473273     
  0.16618797976081939       -207.96333916909927     
  0.16910355835311447       -203.13978092783933     
  0.17201913694540955       -198.17386396150846     
  0.17493471553770462       -193.52877214205787     
  0.17785029412999970       -189.06751185856859     
  0.18076587272229477       -184.73108082229248     
  0.18368145131458985       -180.56145596462957     
  0.18659702990688493       -176.53962870982011     
  0.18951260849918000       -172.63982283512078     
  0.19242818709147508       -168.88514143823028     
  0.19534376568377015       -165.23979494550386     
  0.19825934427606523       -161.71521436498776     
  0.20117492286836031       -158.30389751758733     
  0.20409050146065538       -154.99530023925632     
  0.20992165864524553       -148.70053560098575     
  0.21575281582983569       -142.91381713122172     
  0.22158397301442584       -137.19560451268643     
  0.22741513019901599       -131.93245482507405     
  0.23324628738360614       -126.96518098716898     
  0.23907744456819630       -122.26709056713631     
  0.24490860175278645       -117.82165128279048     
  0.25073975893737660       -113.60769268025545     
  0.25657091612196675       -109.61116176314397     
  0.26240207330655690       -105.81274120474185     
  0.26823323049114706       -102.21189182327842     
  0.27406438767573721       -98.784281282732252     
  0.27989554486032736       -95.560129265305591     
  0.28572670204491751       -92.412501239926982     
  0.29155785922950767       -89.452556393419400     
  0.29738901641409782       -86.628693760600896     
  0.30322017359868797       -83.936114278452422     
  0.30905133078327812       -81.366891395431736     
  0.31488248796786827       -78.919992980689543     
  0.32071364515245843       -76.573392574892949     
  0.32654480233704858       -74.342242414427886     
  0.33237595952163873       -72.212014275445028     
  0.33820711670622888       -70.184306264768367     
  0.34403827389081904       -68.262305583512898     
  0.34986943107540919       -66.443597809194728     
  0.35570058825999934       -64.682558241358976     
  0.36153174544458949       -62.899155976303021     
  0.36736290262917964       -61.211594624735696     
  0.37319405981376980       -59.575782817266358     
  0.37902521699835995       -58.020859154307686     
  0.38485637418295010       -56.513184357099384     
  0.39068753136754025       -55.031378408595828     
  0.39651868855213040       -53.667173537471264     
  0.40234984573672056       -52.321939480966087     
  0.40818100292131071       -51.026135293331180     
  0.41401216010590086       -49.754398767274679     
  0.41984331729049101       -48.572898070450449     
  0.42567447447508117       -47.408804788975168     
  0.43150563165967132       -46.288853729448519     
  0.43733678884426147       -45.204273511365528     
  0.44899910321344177       -43.142315226317599     
  0.46066141758262208       -41.212823254322501     
  0.47232373195180238       -39.402748566684721     
  0.48398604632098269       -37.699363620861114     
  0.49564836069016299       -36.064371511668924     
  0.50731067505934335       -34.583693957227410     
  0.51897298942852366       -33.154267684295988     
  0.53063530379770396       -31.802911389297915     
  0.54229761816688427       -30.522805433581748     
  0.55395993253606457       -29.309007405621902     
  0.56562224690524487       -28.157790128771797     
  0.57728456127442518       -27.062510380000006     
  0.58894687564360548       -26.022137735744959     
  0.60060919001278579       -25.032549882744036     
  0.61227150438196609       -24.089910400114352     
  0.62393381875114640       -23.191774450389744     
  0.63559613312032670       -22.336180805960247     
  0.64725844748950701       -21.532640754874841     
  0.65892076185868731       -20.741199196971344     
  0.67058307622786761       -19.998001787604988     
  0.68224539059704792       -19.285232336462485     
  0.69390770496622822       -18.608825998746902     
  0.70557001933540853       -17.960206060273276     
  0.71723233370458883       -17.340089438162799     
  0.72889464807376914       -16.746948620056443     
  0.74055696244294944       -16.179785713395393     
  0.75221927681212974       -15.635525018500712     
  0.76388159118131005       -15.114935174202586     
  0.77554390555049035       -14.618290211749505     
  0.78720621991967066       -14.139665531418455     
  0.79886853428885096       -13.679465081957900     
  0.81053084865803127       -13.241923718700708     
  0.82219316302721157       -12.822972393991357     
  0.83385547739639188       -12.418091383997618     
  0.84551779176557218       -12.030965749629338     
  0.85718010613475248       -11.658845185667213     
  0.86884242050393279       -11.302105093826883     
  0.88050473487311309       -10.956832307088108     
  0.89216704924229340       -10.628859158338754     
  0.90382936361147370       -10.311425758866365     
  0.92715399234983431       -9.7134097304510405     
  0.95047862108819492       -9.1604170724144396     
  0.97380324982655553       -8.6480388180606038     
  0.99712787856491614       -8.1727535310954256     
   1.0204525073032769       -7.7316932571208934     
   1.0437771360416375       -7.3143761784390788     
   1.0671017647799981       -6.9409450248180224     
   1.0904263935183587       -6.5855551928411789     
   1.1137510222567193       -6.2543405306873776     
   1.1370756509950799       -5.9410792724847656     
   1.1604002797334405       -5.6569057893441075     
   1.1837249084718011       -5.3873441751064792     
   1.2070495372101617       -5.1352716864316283     
   1.2303741659485223       -4.8985640527185730     
   1.2536987946868829       -4.6772025488570925     
   1.2770234234252436       -4.4716232115827657     
   1.3003480521636042       -4.2748629580496109     
   1.3236726809019648       -4.0915667893801881     
   1.3469973096403254       -3.9181964050165412     
   1.3703219383786860       -3.7560783614310815     
   1.3936465671170466       -3.6033511220415635     
   1.4169711958554072       -3.4588896472190895     
   1.4402958245937678       -3.3231986718388500     
   1.4636204533321284       -3.1943548203651537     
   1.4869450820704890       -3.0721740198040264     
   1.5102697108088496       -2.9586967168055702     
   1.5335943395472103       -2.8502753521080830     
   1.5569189682855709       -2.7472135929843331     
   1.5802435970239315       -2.6502433873118041     
   1.6035682257622921       -2.5579624651006152     
   1.6268928545006527       -2.4703404929679236     
   1.6502174832390133       -2.3867078625577558     
   1.6735421119773739       -2.3084523088651565     
   1.6968667407157345       -2.2332967604909379     
   1.7201913694540951       -2.1575344166276000     
   1.7435159981924557       -2.0939832195933348     
   1.7668406269308163       -2.0293622784556185     
   1.7901652556691769       -1.9675958969856799     
   1.8134898844075376       -1.9087046628588167     
   1.8368145131458982       -1.8526375266475819     
   1.8834637706226194       -1.7478345506601103     
   1.9301130280993406       -1.6520516405394217     
   1.9767622855760618       -1.5643115586789202     
   2.0234115430527830       -1.4836283623875377     
   2.0700608005295043       -1.4095536598566343     
   2.1167100580062255       -1.3408370600514026     
   2.1633593154829467       -1.2777359058684561     
   2.2100085729596679       -1.2189719976005104     
   2.2566578304363891       -1.1644990010400655     
   2.3033070879131103       -1.1135155139254111     
   2.3499563453898316       -1.0664407749007614     
   2.3966056028665528       -1.0220573622373847     
   2.4432548603432740      -0.98080972223643204     
   2.4899041178199952      -0.94202238664761051     
   2.5365533752967164      -0.90559773898015539     
   2.5832026327734376      -0.87130548373900396     
   2.6298518902501589      -0.83978575198864414     
   2.6765011477268801      -0.80865737673248150     
   2.7231504052036013      -0.77991804793481723     
   2.7697996626803225      -0.75273028954230670     
   2.8164489201570437      -0.72710243293247290     
   2.8630981776337650      -0.70276253123753774     
   2.9097474351104862      -0.67971415970947169     
   2.9563966925872074      -0.65783551076555780     
   3.0030459500639286      -0.63704560138010446     
   3.0496952075406498      -0.61721202791600061     
   3.0963444650173710      -0.59849708305156735     
   3.1429937224940923      -0.58062102889876477     
   3.1896429799708135      -0.56376361614245962     
   3.2362922374475347      -0.54760551139436142     
   3.2829414949242559      -0.53220528364840125     
   3.3295907524009771      -0.51758553927666140     
   3.3762400098776983      -0.50367663130302498     
   3.4228892673544196      -0.49035245250338855     
   3.4695385248311408      -0.47771254220705611     
