 atom Ni   dist =   0.00000    coord    0.00000   0.00000   0.00000
   7.2889464807377011E-004   2.4045115506399647E-002
   1.4577892961475402E-003   2.4613321594579803E-002
   2.1866839442213105E-003   2.5093180225496305E-002
   2.9155785922950804E-003   2.5540007995585742E-002
   3.6444732403688503E-003   2.5971156838736163E-002
   4.3733678884426202E-003   2.6394324929218699E-002
   5.1022625365163901E-003   2.6813708789098670E-002
   5.8311571845901600E-003   2.7231826765375822E-002
   6.5600518326639299E-003   2.7650144735991391E-002
   7.2889464807376998E-003   2.8069941635493541E-002
   8.0178411288114697E-003   2.8491950844738528E-002
   8.7467357768852404E-003   2.8916835137198598E-002
   9.4756304249590112E-003   2.9345059024713335E-002
   1.0204525073032782E-002   2.9776883882194110E-002
   1.0933419721106553E-002   3.0212806104860879E-002
   1.1662314369180323E-002   3.0653065358230772E-002
   1.2391209017254094E-002   3.1097666015208893E-002
   1.3120103665327865E-002   3.1547011664442730E-002
   1.3848998313401636E-002   3.2001249139667155E-002
   1.4577892961475407E-002   3.2460510238836268E-002
   1.5306787609549177E-002   3.2924926544090974E-002
   1.6035682257622946E-002   3.3394624451640050E-002
   1.6764576905696715E-002   3.3869723139891630E-002
   1.7493471553770484E-002   3.4350332157664497E-002
   1.8222366201844253E-002   3.4836497708905984E-002
   1.8951260849918022E-002   3.5328312857221031E-002
   1.9680155497991791E-002   3.5825911154808605E-002
   2.0409050146065560E-002   3.6329362004812807E-002
   2.1137944794139329E-002   3.6838697753441937E-002
   2.1866839442213098E-002   3.7354018008239974E-002
   2.2595734090286868E-002   3.7875365355184154E-002
   2.3324628738360637E-002   3.8402768372027253E-002
   2.4053523386434406E-002   3.8936380372719973E-002
   2.4782418034508175E-002   3.9476057593467617E-002
   2.5511312682581944E-002   4.0022090142522268E-002
   2.6240207330655713E-002   4.0574318307384165E-002
   2.6969101978729482E-002   4.1132814167467696E-002
   2.7697996626803251E-002   4.1697717196858330E-002
   2.8426891274877020E-002   4.2268803894320535E-002
   2.9155785922950789E-002   4.2846452674094732E-002
   3.0613575219098330E-002   4.4020630365575637E-002
   3.2071364515245872E-002   4.5220241565192672E-002
   3.3529153811393410E-002   4.6445134604314500E-002
   3.4986943107540948E-002   4.7695220833859832E-002
   3.6444732403688486E-002   4.8970618013225976E-002
   3.7902521699836024E-002   5.0270521438107861E-002
   3.9360310995983562E-002   5.1594156861149057E-002
   4.0818100292131100E-002   5.2940402047822264E-002
   4.2275889588278638E-002   5.4310123268531747E-002
   4.3733678884426176E-002   5.5701194661286597E-002
   4.5191468180573714E-002   5.7111513739449102E-002
   4.6649257476721252E-002   5.8541924174738330E-002
   4.8107046772868790E-002   5.9989624171071163E-002
   4.9564836069016328E-002   6.1452038857963409E-002
   5.1022625365163866E-002   6.2930128316412329E-002
   5.2480414661311404E-002   6.4418343405685086E-002
   5.3938203957458943E-002   6.5918011388323552E-002
   5.5395993253606481E-002   6.7423869458882388E-002
   5.6853782549754019E-002   6.8935396166656504E-002
   5.8311571845901557E-002   7.0448654750753292E-002
   5.9769361142049095E-002   7.1961951463910781E-002
   6.1227150438196633E-002   7.3471434273717509E-002
   6.2684939734344178E-002   7.4975498798218368E-002
   6.4142729030491716E-002   7.6469504497881244E-002
   6.5600518326639254E-002   7.7952828518545764E-002
   6.7058307622786792E-002   7.9419976068083528E-002
   6.8516096918934330E-002   8.0870726848660104E-002
   6.9973886215081868E-002   8.2300330714481326E-002
   7.1431675511229406E-002   8.3707193616493231E-002
   7.2889464807376944E-002   8.5088823970192157E-002
   7.4347254103524482E-002   8.6442791462219046E-002
   7.5805043399672020E-002   8.7767065927331356E-002
   7.7262832695819558E-002   8.9060554455300797E-002
   7.8720621991967096E-002   9.0320810533597959E-002
   8.0178411288114634E-002   9.1547177314798417E-002
   8.1636200584262172E-002   9.2739744616525469E-002
   8.3093989880409710E-002   9.3895158583186908E-002
   8.4551779176557249E-002   9.5015705217077182E-002
   8.6009568472704787E-002   9.6101784180635350E-002
   8.7467357768852325E-002   9.7149229700160836E-002
   9.0382936361147401E-002   9.9144301873911905E-002
   9.3298514953442477E-002  0.10100086304856314     
   9.6214093545737553E-002  0.10273462447327984     
   9.9129672138032629E-002  0.10435381102270812     
  0.10204525073032771       0.10586854624096967     
  0.10496082932262278       0.10729919927898891     
  0.10787640791491786       0.10864736736858122     
  0.11079198650721293       0.10994028650395371     
  0.11370756509950801       0.11117376000709596     
  0.11662314369180309       0.11237584176854575     
  0.11953872228409816       0.11354148902613276     
  0.12245430087639324       0.11469525370648753     
  0.12536987946868833       0.11582978260365200     
  0.12828545806098340       0.11696752422524767     
  0.13120103665327848       0.11810219028725182     
  0.13411661524557356       0.11924961864839601     
  0.13703219383786863       0.12040784050200366     
  0.13994777243016371       0.12158457131864710     
  0.14286335102245878       0.12278353943604418     
  0.14577892961475386       0.12400464750461333     
  0.14869450820704894       0.12525487029556073     
  0.15161008679934401       0.12653332993119346     
  0.15452566539163909       0.12784331801793292     
  0.15744124398393416       0.12918665495519030     
  0.16035682257622924       0.13056468609925023     
  0.16327240116852432       0.13197760544477749     
  0.16618797976081939       0.13342788866885524     
  0.16910355835311447       0.13491659485704946     
  0.17201913694540955       0.13644159094967870     
  0.17493471553770462       0.13800728115354613     
  0.17785029412999970       0.13961343126307163     
  0.18076587272229477       0.14125635519680005     
  0.18368145131458985       0.14294146798677193     
  0.18659702990688493       0.14466958667493937     
  0.18951260849918000       0.14643408240132377     
  0.19242818709147508       0.14823891555108645     
  0.19534376568377015       0.15009200058329050     
  0.19825934427606523       0.15198020656197719     
  0.20117492286836031       0.15390575265058437     
  0.20409050146065538       0.15588117780383209     
  0.20992165864524553       0.15994214414497818     
  0.21575281582983569       0.16416872076481526     
  0.22158397301442584       0.16854176164813062     
  0.22741513019901599       0.17307857253821693     
  0.23324628738360614       0.17774640862512014     
  0.23907744456819630       0.18256698629891541     
  0.24490860175278645       0.18750069162471567     
  0.25073975893737660       0.19256517464986103     
  0.25657091612196675       0.19772218268931271     
  0.26240207330655690       0.20297551467890596     
  0.26823323049114706       0.20829781485383508     
  0.27406438767573721       0.21366997656434672     
  0.27989554486032736       0.21908289708816633     
  0.28572670204491751       0.22449559412756001     
  0.29155785922950767       0.22990520066463935     
  0.29738901641409782       0.23527253096986464     
  0.30322017359868797       0.24057623677493251     
  0.30905133078327812       0.24579491912095805     
  0.31488248796786827       0.25090430818253640     
  0.32071364515245843       0.25587206888746217     
  0.32654480233704858       0.26069043583222801     
  0.33237595952163873       0.26534317576086769     
  0.33820711670622888       0.26978359363643395     
  0.34403827389081904       0.27403904337622276     
  0.34986943107540919       0.27809573229314677     
  0.35570058825999934       0.28189728270655384     
  0.36153174544458949       0.28550745267406274     
  0.36736290262917964       0.28891665293974012     
  0.37319405981376980       0.29206664701406554     
  0.37902521699835995       0.29503881589475445     
  0.38485637418295010       0.29783583194255142     
  0.39068753136754025       0.30040945704222777     
  0.39651868855213040       0.30282228211279655     
  0.40234984573672056       0.30510334366094732     
  0.40818100292131071       0.30723151811342353     
  0.41401216010590086       0.30920301273441581     
  0.41984331729049101       0.31109164151931773     
  0.42567447447508117       0.31289853922798833     
  0.43150563165967132       0.31458126420664573     
  0.43733678884426147       0.31620142756162778     
  0.44899910321344177       0.31933163819535482     
  0.46066141758262208       0.32225685242974161     
  0.47232373195180238       0.32517242376918543     
  0.48398604632098269       0.32803114780405990     
  0.49564836069016299       0.33097965897937365     
  0.50731067505934335       0.33397933071540731     
  0.51897298942852366       0.33712100731627948     
  0.53063530379770396       0.34038882733868231     
  0.54229761816688427       0.34382210378827677     
  0.55395993253606457       0.34742798728003965     
  0.56562224690524487       0.35121253635560618     
  0.57728456127442518       0.35518560452920533     
  0.58894687564360548       0.35935922246497470     
  0.60060919001278579       0.36371956306760345     
  0.61227150438196609       0.36828790527573813     
  0.62393381875114640       0.37305399468926914     
  0.63559613312032670       0.37800607234212080     
  0.64725844748950701       0.38318507065741997     
  0.65892076185868731       0.38854599443635429     
  0.67058307622786761       0.39409239933552798     
  0.68224539059704792       0.39987637013280330     
  0.69390770496622822       0.40582861505323836     
  0.70557001933540853       0.41196717618858153     
  0.71723233370458883       0.41834214293823191     
  0.72889464807376914       0.42488118438605105     
  0.74055696244294944       0.43159712156944752     
  0.75221927681212974       0.43855793155674200     
  0.76388159118131005       0.44568051197198350     
  0.77554390555049035       0.45297519239012118     
  0.78720621991967066       0.46050018294473782     
  0.79886853428885096       0.46820491921705254     
  0.81053084865803127       0.47607696415727258     
  0.82219316302721157       0.48414832126192703     
  0.83385547739639188       0.49243496080676991     
  0.84551779176557218       0.50088501033400301     
  0.85718010613475248       0.50950800465893642     
  0.86884242050393279       0.51835376226121166     
  0.88050473487311309       0.52738258054712106     
  0.89216704924229340       0.53658007245399386     
  0.90382936361147370       0.54595408989353167     
  0.92715399234983431       0.56532700970933392     
  0.95047862108819492       0.58539507587815698     
  0.97380324982655553       0.60624780388666089     
  0.99712787856491614       0.62780433220855547     
   1.0204525073032769       0.65011505492328336     
   1.0437771360416375       0.67314202158327030     
   1.0671017647799981       0.69688603525984860     
   1.0904263935183587       0.72134962072503939     
   1.1137510222567193       0.74650516312290804     
   1.1370756509950799       0.77234814901123872     
   1.1604002797334405       0.79890063619749518     
   1.1837249084718011       0.82604238556063025     
   1.2070495372101617       0.85388947908309798     
   1.2303741659485223       0.88233171481035111     
   1.2536987946868829       0.91135031223254526     
   1.2770234234252436       0.94103429770679015     
   1.3003480521636042       0.97114842009119340     
   1.3236726809019648        1.0018418465034438     
   1.3469973096403254        1.0331303837278785     
   1.3703219383786860        1.0646674191211256     
   1.3936465671170466        1.0967614665636662     
   1.4169711958554072        1.1293672505318368     
   1.4402958245937678        1.1620505397385861     
   1.4636204533321284        1.1952186740068818     
   1.4869450820704890        1.2288121802276595     
   1.5102697108088496        1.2623621941125898     
   1.5335943395472103        1.2962422234568600     
   1.5569189682855709        1.3304670389569453     
   1.5802435970239315        1.3646365840678230     
   1.6035682257622921        1.3988518768272493     
   1.6268928545006527        1.4333432476136225     
   1.6502174832390133        1.4679529105357925     
   1.6735421119773739        1.5021372364672150     
   1.6968667407157345        1.5365439009940460     
   1.7201913694540951        1.5710721137114692     
   1.7435159981924557        1.6053280178048077     
   1.7668406269308163        1.6393358290173405     
   1.7901652556691769        1.6734448804044362     
   1.8134898844075376        1.7075611714467989     
   1.8368145131458982        1.7411935415168591     
   1.8834637706226194        1.8081153257048257     
   1.9301130280993406        1.8744259537750250     
   1.9767622855760618        1.9397499966639489     
   2.0234115430527830        2.0045249444336335     
   2.0700608005295043        2.0681367753220252     
   2.1167100580062255        2.1315177543760710     
   2.1633593154829467        2.1935356307626970     
   2.2100085729596679        2.2554718721836973     
   2.2566578304363891        2.3165248051492062     
   2.3033070879131103        2.3773152463457974     
   2.3499563453898316        2.4378517027198612     
   2.3966056028665528        2.4978527404407247     
   2.4432548603432740        2.5580345766346348     
   2.4899041178199952        2.6179004811666866     
   2.5365533752967164        2.6778831227845306     
   2.5832026327734376        2.7381751608635989     
   2.6298518902501589        2.7983180847646589     
   2.6765011477268801        2.8589319484761107     
   2.7231504052036013        2.9199520278785642     
   2.7697996626803225        2.9811381907272922     
   2.8164489201570437        3.0429214243005016     
   2.8630981776337650        3.1052319502322723     
   2.9097474351104862        3.1679035176981452     
   2.9563966925872074        3.2312286953310112     
   3.0030459500639286        3.2951721316277713     
   3.0496952075406498        3.3595718153564298     
   3.0963444650173710        3.4246131098859838     
   3.1429937224940923        3.4902833985593551     
   3.1896429799708135        3.5564554037061136     
   3.2362922374475347        3.6231850251703479     
   3.2829414949242559        3.6904405295474589     
   3.3295907524009771        3.7581727418388176     
   3.3762400098776983        3.8262695031758440     
   3.4228892673544196        3.8947440680935106     
   3.4695385248311408        3.9634822374203922     
 atom Ni   dist =   6.65184    coord    0.00000   0.00000   6.65184
   7.2889464807377011E-004   2.4071678513678016E-002
   1.4577892961475402E-003   2.4640406667537092E-002
   2.1866839442213105E-003   2.5120660108480467E-002
   2.9155785922950804E-003   2.5567814385327035E-002
   3.6444732403688503E-003   2.5999238103968200E-002
   4.3733678884426202E-003   2.6422635285739453E-002
   5.1022625365163901E-003   2.6842204145997445E-002
   5.8311571845901600E-003   2.7260462681456106E-002
   6.5600518326639299E-003   2.7678875362448275E-002
   7.2889464807376998E-003   2.8098718829613251E-002
   8.0178411288114697E-003   2.8520723752441923E-002
   8.7467357768852404E-003   2.8945549649230160E-002
   9.4756304249590112E-003   2.9373657448043586E-002
   1.0204525073032782E-002   2.9805304881469489E-002
   1.0933419721106553E-002   3.0240983739797174E-002
   1.1662314369180323E-002   3.0680929147173845E-002
   1.2391209017254094E-002   3.1125141313768832E-002
   1.3120103665327865E-002   3.1574018062550245E-002
   1.3848998313401636E-002   3.2027700806409987E-002
   1.4577892961475407E-002   3.2486315620009323E-002
   1.5306787609549177E-002   3.2949987986543930E-002
   1.6035682257622946E-002   3.3418837821935783E-002
   1.6764576905696715E-002   3.3892977424090365E-002
   1.7493471553770484E-002   3.4372509035224715E-002
   1.8222366201844253E-002   3.4857471766356396E-002
   1.8951260849918022E-002   3.5347950971233361E-002
   1.9680155497991791E-002   3.5844071240788832E-002
   2.0409050146065560E-002   3.6345892932071570E-002
   2.1137944794139329E-002   3.6853439744288577E-002
   2.1866839442213098E-002   3.7366802257131237E-002
   2.2595734090286868E-002   3.7886011770821515E-002
   2.3324628738360637E-002   3.8411086933788974E-002
   2.4053523386434406E-002   3.8942170461741678E-002
   2.4782418034508175E-002   3.9479106156345416E-002
   2.5511312682581944E-002   4.0022173163488529E-002
   2.6240207330655713E-002   4.0571198521798420E-002
   2.6969101978729482E-002   4.1126241801048923E-002
   2.7697996626803251E-002   4.1687428404948879E-002
   2.8426891274877020E-002   4.2254521738305045E-002
   2.9155785922950789E-002   4.2827884057794231E-002
   3.0613575219098330E-002   4.3992552361933293E-002
   3.2071364515245872E-002   4.5181297467752311E-002
   3.3529153811393410E-002   4.6393832692201466E-002
   3.4986943107540948E-002   4.7629924616225131E-002
   3.6444732403688486E-002   4.8889533097271211E-002
   3.7902521699836024E-002   5.0171697763282286E-002
   3.9360310995983562E-002   5.1475482539085002E-002
   4.0818100292131100E-002   5.2799604787761016E-002
   4.2275889588278638E-002   5.4144722599489055E-002
   4.3733678884426176E-002   5.5508554426857405E-002
   4.5191468180573714E-002   5.6888849911345268E-002
   4.6649257476721252E-002   5.8286223451079332E-002
   4.8107046772868790E-002   5.9697740543214348E-002
   4.9564836069016328E-002   6.1120707677171024E-002
   5.1022625365163866E-002   6.2555838569607586E-002
   5.2480414661311404E-002   6.3997598426997510E-002
   5.3938203957458943E-002   6.5447063885057014E-002
   5.5395993253606481E-002   6.6899026282491503E-002
   5.6853782549754019E-002   6.8352825162569644E-002
   5.8311571845901557E-002   6.9804578182547761E-002
   5.9769361142049095E-002   7.1252562457536195E-002
   6.1227150438196633E-002   7.2693054034346047E-002
   6.2684939734344178E-002   7.4124473358001111E-002
   6.4142729030491716E-002   7.5542467349059769E-002
   6.5600518326639254E-002   7.6946412541034612E-002
   6.7058307622786792E-002   7.8331317154944791E-002
   6.8516096918934330E-002   7.9696943399772263E-002
   6.9973886215081868E-002   8.1039143864745714E-002
   7.1431675511229406E-002   8.2356501701061735E-002
   7.2889464807376944E-002   8.3646978048859538E-002
   7.4347254103524482E-002   8.4908601026023017E-002
   7.5805043399672020E-002   8.6139604541751624E-002
   7.7262832695819558E-002   8.7339481652270901E-002
   7.8720621991967096E-002   8.8506150885027418E-002
   8.0178411288114634E-002   8.9639363854521953E-002
   8.1636200584262172E-002   9.0739618848805936E-002
   8.3093989880409710E-002   9.1804006535403423E-002
   8.4551779176557249E-002   9.2835078459548720E-002
   8.6009568472704787E-002   9.3833529697919971E-002
   8.7467357768852325E-002   9.4795708204327048E-002
   9.0382936361147401E-002   9.6627476956428607E-002
   9.3298514953442477E-002   9.8332263358586441E-002
   9.6214093545737553E-002   9.9926168305332255E-002
   9.9129672138032629E-002  0.10141789685296450     
  0.10204525073032771       0.10281760624583801     
  0.10496082932262278       0.10414438736864301     
  0.10787640791491786       0.10540010711349891     
  0.11079198650721293       0.10660953179942886     
  0.11370756509950801       0.10776902408798825     
  0.11662314369180309       0.10890373918455164     
  0.11953872228409816       0.11000916135501405     
  0.12245430087639324       0.11110711947589851     
  0.12536987946868833       0.11219102374152973     
  0.12828545806098340       0.11328073241661207     
  0.13120103665327848       0.11437062775189388     
  0.13411661524557356       0.11547466012742634     
  0.13703219383786863       0.11659107320161835     
  0.13994777243016371       0.11772663074618102     
  0.14286335102245878       0.11888461626235464     
  0.14577892961475386       0.12006496053685468     
  0.14869450820704894       0.12127376262366658     
  0.15161008679934401       0.12251035193777211     
  0.15452566539163909       0.12377757216186676     
  0.15744124398393416       0.12507706804494026     
  0.16035682257622924       0.12641018628083756     
  0.16327240116852432       0.12777697618439962     
  0.16618797976081939       0.12917979049579639     
  0.16910355835311447       0.13061965983561388     
  0.17201913694540955       0.13209463098655155     
  0.17493471553770462       0.13360883631176870     
  0.17785029412999970       0.13516214097415835     
  0.18076587272229477       0.13675123783630819     
  0.18368145131458985       0.13838120365550327     
  0.18659702990688493       0.14005290361668915     
  0.18951260849918000       0.14176037869582006     
  0.19242818709147508       0.14350740425532074     
  0.19534376568377015       0.14530140068079889     
  0.19825934427606523       0.14713046955403014     
  0.20117492286836031       0.14899682818943508     
  0.20409050146065538       0.15091222379685498     
  0.20992165864524553       0.15485452991075863     
  0.21575281582983569       0.15896452068480652     
  0.22158397301442584       0.16322651736991281     
  0.22741513019901599       0.16765920319873878     
  0.23324628738360614       0.17223457834128095     
  0.23907744456819630       0.17697640553735683     
  0.24490860175278645       0.18185036417957140     
  0.25073975893737660       0.18687750769920858     
  0.25657091612196675       0.19202471762237969     
  0.26240207330655690       0.19730075118725970     
  0.26823323049114706       0.20268294762224565     
  0.27406438767573721       0.20815761975225067     
  0.27989554486032736       0.21372100734678459     
  0.28572670204491751       0.21933500627878708     
  0.29155785922950767       0.22500462235621754     
  0.29738901641409782       0.23068964862582220     
  0.30322017359868797       0.23637378823928520     
  0.30905133078327812       0.24203719647975863     
  0.31488248796786827       0.24765143976820583     
  0.32071364515245843       0.25318878021200875     
  0.32654480233704858       0.25863286398061491     
  0.33237595952163873       0.26396178882314386     
  0.33820711670622888       0.26912956655784359     
  0.34403827389081904       0.27414809856355776     
  0.34986943107540919       0.27899620966600619     
  0.35570058825999934       0.28361316028763550     
  0.36153174544458949       0.28804722670024807     
  0.36736290262917964       0.29228056571850280     
  0.37319405981376980       0.29624648969534056     
  0.37902521699835995       0.30001706811368717     
  0.38485637418295010       0.30358784926758892     
  0.39068753136754025       0.30690078467729848     
  0.39651868855213040       0.31001580552948621     
  0.40234984573672056       0.31295924504448824     
  0.40818100292131071       0.31570330065384533     
  0.41401216010590086       0.31823967539616260     
  0.41984331729049101       0.32064919395008024     
  0.42567447447508117       0.32293154787813444     
  0.43150563165967132       0.32503475660332060     
  0.43733678884426147       0.32703093794344368     
  0.44899910321344177       0.33079405797926881     
  0.46066141758262208       0.33417867751406755     
  0.47232373195180238       0.33743258830717027     
  0.48398604632098269       0.34049703340096921     
  0.49564836069016299       0.34357121892123355     
  0.50731067505934335       0.34660351781268084     
  0.51897298942852366       0.34972794641760285     
  0.53063530379770396       0.35291859792624669     
  0.54229761816688427       0.35624285857834581     
  0.55395993253606457       0.35970654517205258     
  0.56562224690524487       0.36332497955820148     
  0.57728456127442518       0.36712032579775922     
  0.58894687564360548       0.37109333924018173     
  0.60060919001278579       0.37525071797123577     
  0.61227150438196609       0.37960629920044392     
  0.62393381875114640       0.38415433774696489     
  0.63559613312032670       0.38888878840696312     
  0.64725844748950701       0.39384326127953051     
  0.65892076185868731       0.39898073002916296     
  0.67058307622786761       0.40430484938825528     
  0.68224539059704792       0.40986264116613452     
  0.69390770496622822       0.41559079985924169     
  0.70557001933540853       0.42150627103333649     
  0.71723233370458883       0.42765667951259378     
  0.72889464807376914       0.43397213460807876     
  0.74055696244294944       0.44046502314928937     
  0.75221927681212974       0.44720262700747820     
  0.76388159118131005       0.45410155438687583     
  0.77554390555049035       0.46117207893045870     
  0.78720621991967066       0.46847353944282266     
  0.79886853428885096       0.47595336176775999     
  0.81053084865803127       0.48359864119986445     
  0.82219316302721157       0.49144278789504109     
  0.83385547739639188       0.49950203650007019     
  0.84551779176557218       0.50772124159809551     
  0.85718010613475248       0.51611036932783494     
  0.86884242050393279       0.52472330542733392     
  0.88050473487311309       0.53351610481806522     
  0.89216704924229340       0.54247286374892245     
  0.90382936361147370       0.55160203139048092     
  0.92715399234983431       0.57048415815450515     
  0.95047862108819492       0.59003836320524783     
  0.97380324982655553       0.61037058836441449     
  0.99712787856491614       0.63137815943938835     
   1.0204525073032769       0.65313069920231026     
   1.0437771360416375       0.67556764225652588     
   1.0671017647799981       0.69870717493532408     
   1.0904263935183587       0.72253491919452550     
   1.1137510222567193       0.74702982421686981     
   1.1370756509950799       0.77218798703434122     
   1.1604002797334405       0.79801414577907448     
   1.1837249084718011       0.82441866999262425     
   1.2070495372101617       0.85148248014337480     
   1.2303741659485223       0.87911327600629585     
   1.2536987946868829       0.90729328786952246     
   1.2770234234252436       0.93609024770281057     
   1.3003480521636042       0.96530138276774569     
   1.3236726809019648       0.99505116322256393     
   1.3469973096403254        1.0253486865969319     
   1.3703219383786860        1.0558888414152088     
   1.3936465671170466        1.0869392908760644     
   1.4169711958554072        1.1184567668058625     
   1.4402958245937678        1.1500541581668000     
   1.4636204533321284        1.1820921390569652     
   1.4869450820704890        1.2145151670421082     
   1.5102697108088496        1.2469019500194711     
   1.5335943395472103        1.2795876133404758     
   1.5569189682855709        1.3125837766035777     
   1.5802435970239315        1.3455292234679497     
   1.6035682257622921        1.3785164145114412     
   1.6268928545006527        1.4117527008853852     
   1.6502174832390133        1.4450953117367531     
   1.6735421119773739        1.4780539575742451     
   1.6968667407157345        1.5112158324511258     
   1.7201913694540951        1.5444899193560657     
   1.7435159981924557        1.5775203447389536     
   1.7668406269308163        1.6103313348425004     
   1.7901652556691769        1.6432401876513967     
   1.8134898844075376        1.6761624390871837     
   1.8368145131458982        1.7086542651266841     
   1.8834637706226194        1.7733579568526532     
   1.9301130280993406        1.8375536715161322     
   1.9767622855760618        1.9009089711226816     
   2.0234115430527830        1.9638235590969653     
   2.0700608005295043        2.0257436474702692     
   2.1167100580062255        2.0875132487366681     
   2.1633593154829467        2.1481030133529360     
   2.2100085729596679        2.2086701506723871     
   2.2566578304363891        2.2684792151918249     
   2.3033070879131103        2.3280855967237071     
   2.3499563453898316        2.3874855466944673     
   2.3966056028665528        2.4464098967783987     
   2.4432548603432740        2.5054984278645773     
   2.4899041178199952        2.5642792720766079     
   2.5365533752967164        2.6231333872650051     
   2.5832026327734376        2.6822191192868625     
   2.6298518902501589        2.7410894862290203     
   2.6765011477268801        2.8002998148814902     
   2.7231504052036013        2.8597643251269540     
   2.7697996626803225        2.9192285214852220     
   2.8164489201570437        2.9790743369283348     
   2.8630981776337650        3.0392021739127406     
   2.9097474351104862        3.0994147230455940     
   2.9563966925872074        3.1599656025379619     
   3.0030459500639286        3.2207761372907897     
   3.0496952075406498        3.2816448797258104     
   3.0963444650173710        3.3427121350646822     
   3.1429937224940923        3.4039318291095748     
   3.1896429799708135        3.4650943112957995     
   3.2362922374475347        3.5262358741715500     
   3.2829414949242559        3.5872583625275136     
   3.3295907524009771        3.6480641112396830     
   3.3762400098776983        3.7084494920998212     
   3.4228892673544196        3.7684186740093719     
   3.4695385248311408        3.8277718310598035     
 atom Ni   dist =  13.30367    coord    0.00000   0.00000  13.30367
   7.2889464807377011E-004   2.4071678513635036E-002
   1.4577892961475402E-003   2.4640406667489907E-002
   2.1866839442213105E-003   2.5120660108429498E-002
   2.9155785922950804E-003   2.5567814385272340E-002
   3.6444732403688503E-003   2.5999238103909725E-002
   4.3733678884426202E-003   2.6422635285677083E-002
   5.1022625365163901E-003   2.6842204145931029E-002
   5.8311571845901600E-003   2.7260462681385461E-002
   6.5600518326639299E-003   2.7678875362373210E-002
   7.2889464807376998E-003   2.8098718829533544E-002
   8.0178411288114697E-003   2.8520723752357337E-002
   8.7467357768852404E-003   2.8945549649140451E-002
   9.4756304249590112E-003   2.9373657447948478E-002
   1.0204525073032782E-002   2.9805304881368695E-002
   1.0933419721106553E-002   3.0240983739690395E-002
   1.1662314369180323E-002   3.0680929147060752E-002
   1.2391209017254094E-002   3.1125141313649091E-002
   1.3120103665327865E-002   3.1574018062423499E-002
   1.3848998313401636E-002   3.2027700806275858E-002
   1.4577892961475407E-002   3.2486315619867402E-002
   1.5306787609549177E-002   3.2949987986393814E-002
   1.6035682257622946E-002   3.3418837821777014E-002
   1.6764576905696715E-002   3.3892977423922478E-002
   1.7493471553770484E-002   3.4372509035047225E-002
   1.8222366201844253E-002   3.4857471766168789E-002
   1.8951260849918022E-002   3.5347950971035082E-002
   1.9680155497991791E-002   3.5844071240579319E-002
   2.0409050146065560E-002   3.6345892931850213E-002
   2.1137944794139329E-002   3.6853439744054750E-002
   2.1866839442213098E-002   3.7366802256884275E-002
   2.2595734090286868E-002   3.7886011770560724E-002
   2.3324628738360637E-002   3.8411086933513632E-002
   2.4053523386434406E-002   3.8942170461451008E-002
   2.4782418034508175E-002   3.9479106156038626E-002
   2.5511312682581944E-002   4.0022173163164775E-002
   2.6240207330655713E-002   4.0571198521456811E-002
   2.6969101978729482E-002   4.1126241800688551E-002
   2.7697996626803251E-002   4.1687428404568759E-002
   2.8426891274877020E-002   4.2254521737904185E-002
   2.9155785922950789E-002   4.2827884057371562E-002
   3.0613575219098330E-002   4.3992552361463648E-002
   3.2071364515245872E-002   4.5181297467230874E-002
   3.3529153811393410E-002   4.6393832691623005E-002
   3.4986943107540948E-002   4.7629924615583949E-002
   3.6444732403688486E-002   4.8889533096561140E-002
   3.7902521699836024E-002   5.0171697762501577E-002
   3.9360310995983562E-002   5.1475482538227375E-002
   4.0818100292131100E-002   5.2799604786819596E-002
   4.2275889588278638E-002   5.4144722598456388E-002
   4.3733678884426176E-002   5.5508554425725672E-002
   4.5191468180573714E-002   5.6888849910106253E-002
   4.6649257476721252E-002   5.8286223449724235E-002
   4.8107046772868790E-002   5.9697740541734066E-002
   4.9564836069016328E-002   6.1120707675556156E-002
   5.1022625365163866E-002   6.2555838567848104E-002
   5.2480414661311404E-002   6.3997598425083499E-002
   5.3938203957458943E-002   6.5447063882977913E-002
   5.5395993253606481E-002   6.6899026280236959E-002
   5.6853782549754019E-002   6.8352825160129430E-002
   5.8311571845901557E-002   6.9804578179923346E-002
   5.9769361142049095E-002   7.1252562454718546E-002
   6.1227150438196633E-002   7.2693054031326518E-002
   6.2684939734344178E-002   7.4124473354771250E-002
   6.4142729030491716E-002   7.5542467345611861E-002
   6.5600518326639254E-002   7.6946412537361134E-002
   6.7058307622786792E-002   7.8331317151039290E-002
   6.8516096918934330E-002   7.9696943395628578E-002
   6.9973886215081868E-002   8.1039143860358820E-002
   7.1431675511229406E-002   8.2356501696427331E-002
   7.2889464807376944E-002   8.3646978043974168E-002
   7.4347254103524482E-002   8.4908601020884225E-002
   7.5805043399672020E-002   8.6139604536357911E-002
   7.7262832695819558E-002   8.7339481646621475E-002
   7.8720621991967096E-002   8.8506150879122683E-002
   8.0178411288114634E-002   8.9639363848363005E-002
   8.1636200584262172E-002   9.0739618842394398E-002
   8.3093989880409710E-002   9.1804006528742391E-002
   8.4551779176557249E-002   9.2835078452643049E-002
   8.6009568472704787E-002   9.3833529690795475E-002
   8.7467357768852325E-002   9.4795708196990069E-002
   9.0382936361147401E-002   9.6627476948682706E-002
   9.3298514953442477E-002   9.8332263350457083E-002
   9.6214093545737553E-002   9.9926168296842685E-002
   9.9129672138032629E-002  0.10141789684413750     
  0.10204525073032771       0.10281760623669474     
  0.10496082932262278       0.10414438735925710     
  0.10787640791491786       0.10540010710389122     
  0.11079198650721293       0.10660953178960925     
  0.11370756509950801       0.10776902407796791     
  0.11662314369180309       0.10890373917433233     
  0.11953872228409816       0.11000916134459889     
  0.12245430087639324       0.11110711946528190     
  0.12536987946868833       0.11219102373070809     
  0.12828545806098340       0.11328073240557351     
  0.13120103665327848       0.11437062774058861     
  0.13411661524557356       0.11547466011579327     
  0.13703219383786863       0.11659107318963806     
  0.13994777243016371       0.11772663073383041     
  0.14286335102245878       0.11888461624960815     
  0.14577892961475386       0.12006496052368555     
  0.14869450820704894       0.12127376261004399     
  0.15161008679934401       0.12251035192361714     
  0.15452566539163909       0.12377757214709813     
  0.15744124398393416       0.12507706802951643     
  0.16035682257622924       0.12641018626471431     
  0.16327240116852432       0.12777697616753050     
  0.16618797976081939       0.12917979047813141     
  0.16910355835311447       0.13061965981709978     
  0.17201913694540955       0.13209463096713339     
  0.17493471553770462       0.13360883629138623     
  0.17785029412999970       0.13516214095274806     
  0.18076587272229477       0.13675123781380533     
  0.18368145131458985       0.13838120363183617     
  0.18659702990688493       0.14005290359178157     
  0.18951260849918000       0.14176037866959584     
  0.19242818709147508       0.14350740422769689     
  0.19534376568377015       0.14530140065168198     
  0.19825934427606523       0.14713046952333117     
  0.20117492286836031       0.14899682815705864     
  0.20409050146065538       0.15091222376269015     
  0.20992165864524553       0.15485452987269271     
  0.21575281582983569       0.15896452064234998     
  0.22158397301442584       0.16322651732254176     
  0.22741513019901599       0.16765920314617289     
  0.23324628738360614       0.17223457828306582     
  0.23907744456819630       0.17697640547284074     
  0.24490860175278645       0.18185036410822744     
  0.25073975893737660       0.18687750762073060     
  0.25657091612196675       0.19202471753605901     
  0.26240207330655690       0.19730075109228584     
  0.26823323049114706       0.20268294751775356     
  0.27406438767573721       0.20815761963691826     
  0.27989554486032736       0.21372100721911549     
  0.28572670204491751       0.21933500613756618     
  0.29155785922950767       0.22500462219962566     
  0.29738901641409782       0.23068964845185261     
  0.30322017359868797       0.23637378804627959     
  0.30905133078327812       0.24203719626596884     
  0.31488248796786827       0.24765143953183305     
  0.32071364515245843       0.25318877995004574     
  0.32654480233704858       0.25863286369059285     
  0.33237595952163873       0.26396178850299967     
  0.33820711670622888       0.26912956620520867     
  0.34403827389081904       0.27414809817497243     
  0.34986943107540919       0.27899620923951196     
  0.35570058825999934       0.28361315982178492     
  0.36153174544458949       0.28804722619347761     
  0.36736290262917964       0.29228056516956658     
  0.37319405981376980       0.29624648910376039     
  0.37902521699835995       0.30001706747872864     
  0.38485637418295010       0.30358784858882931     
  0.39068753136754025       0.30690078395515746     
  0.39651868855213040       0.31001580476418283     
  0.40234984573672056       0.31295924423628735     
  0.40818100292131071       0.31570329980360140     
  0.41401216010590086       0.31823967450741802     
  0.41984331729049101       0.32064919302434597     
  0.42567447447508117       0.32293154691629650     
  0.43150563165967132       0.32503475560786588     
  0.43733678884426147       0.32703093691767543     
  0.44899910321344177       0.33079405689484842     
  0.46066141758262208       0.33417867637612741     
  0.47232373195180238       0.33743258712024271     
  0.48398604632098269       0.34049703217007488     
  0.49564836069016299       0.34357121764509591     
  0.50731067505934335       0.34660351648573418     
  0.51897298942852366       0.34972794502956828     
  0.53063530379770396       0.35291859646686113     
  0.54229761816688427       0.35624285703772451     
  0.55395993253606457       0.35970654354271175     
  0.56562224690524487       0.36332497783232304     
  0.57728456127442518       0.36712032396698724     
  0.58894687564360548       0.37109333729597377     
  0.60060919001278579       0.37525071590775838     
  0.61227150438196609       0.37960629701346033     
  0.62393381875114640       0.38415433543179828     
  0.63559613312032670       0.38888878595564941     
  0.64725844748950701       0.39384325867596681     
  0.65892076185868731       0.39898072725174238     
  0.67058307622786761       0.40430484641225506     
  0.68224539059704792       0.40986263796634159     
  0.69390770496622822       0.41559079634543961     
  0.70557001933540853       0.42150626723750034     
  0.71723233370458883       0.42765667539638802     
  0.72889464807376914       0.43397213013541197     
  0.74055696244294944       0.44046501828555312     
  0.75221927681212974       0.44720262171247588     
  0.76388159118131005       0.45410154862141355     
  0.77554390555049035       0.46117207265223287     
  0.78720621991967066       0.46847353260321978     
  0.79886853428885096       0.47595335431775027     
  0.81053084865803127       0.48359863309921214     
  0.82219316302721157       0.49144277909388218     
  0.83385547739639188       0.49950202693979329     
  0.84551779176557218       0.50772123122696833     
  0.85718010613475248       0.51611035808886097     
  0.86884242050393279       0.52472329324427669     
  0.88050473487311309       0.53351609160554914     
  0.89216704924229340       0.54247284941398288     
  0.90382936361147370       0.55160201581421608     
  0.92715399234983431       0.57048413970643719     
  0.95047862108819492       0.59003834133592381     
  0.97380324982655553       0.61037056241102594     
  0.99712787856491614       0.63137812866416676     
   1.0204525073032769       0.65313066274195553     
   1.0437771360416375       0.67556759893469054     
   1.0671017647799981       0.69870712338119967     
   1.0904263935183587       0.72253485780392945     
   1.1137510222567193       0.74702975105768710     
   1.1370756509950799       0.77218789995112613     
   1.1604002797334405       0.79801404228912232     
   1.1837249084718011       0.82441854736702158     
   1.2070495372101617       0.85148233531888706     
   1.2303741659485223       0.87911310557088929     
   1.2536987946868829       0.90729308775242079     
   1.2770234234252436       0.93609001282676452     
   1.3003480521636042       0.96530110729542939     
   1.3236726809019648       0.99505084055703164     
   1.3469973096403254        1.0253483091866460     
   1.3703219383786860        1.0558884013166923     
   1.3936465671170466        1.0869387787848437     
   1.4169711958554072        1.1184561684084446     
   1.4402958245937678        1.1500534641411142     
   1.4636204533321284        1.1820913349731224     
   1.4869450820704890        1.2145142363769124     
   1.5102697108088496        1.2469008760859859     
   1.5335943395472103        1.2795863765158588     
   1.5569189682855709        1.3125823552917910     
   1.5802435970239315        1.3455275958293615     
   1.6035682257622921        1.3785145559972503     
   1.6268928545006527        1.4117505820987424     
   1.6502174832390133        1.4450929003026267     
   1.6735421119773739        1.4780512206993266     
   1.6968667407157345        1.5112127306385870     
   1.7201913694540951        1.5444864098186526     
   1.7435159981924557        1.5775163846015714     
   1.7668406269308163        1.6103268778977011     
   1.7901652556691769        1.6432351770054630     
   1.8134898844075376        1.6761568144768013     
   1.8368145131458982        1.7086479661647027     
   1.8834637706226194        1.7733500916228915     
   1.9301130280993406        1.8375439193163072     
   1.9767622855760618        1.9008969776929483     
   2.0234115430527830        1.9638088888967986     
   2.0700608005295043        2.0257257986196104     
   2.1167100580062255        2.0874916240731087     
   2.1633593154829467        2.1480769758342504     
   2.2100085729596679        2.2086388913447705     
   2.2566578304363891        2.2684418349185811     
   2.3033070879131103        2.3280410462413625     
   2.3499563453898316        2.3874326438089062     
   2.3966056028665528        2.4463472869178315     
   2.4432548603432740        2.5054244710963038     
   2.4899041178199952        2.5641921441388971     
   2.5365533752967164        2.6230309434278731     
   2.5832026327734376        2.6820988564230888     
   2.6298518902501589        2.7409486286480020     
   2.6765011477268801        2.8001350620406962     
   2.7231504052036013        2.8595719256824994     
   2.7697996626803225        2.9190042395695648     
   2.8164489201570437        2.9788132031509815     
   2.8630981776337650        3.0388984947510274     
   2.9097474351104862        3.0990620540913256     
   2.9563966925872074        3.1595564626527297     
   3.0030459500639286        3.2203021413215795     
   3.0496952075406498        3.2810963091958714     
   3.0963444650173710        3.3420781706517082     
   3.1429937224940923        3.4031998853660577     
   3.1896429799708135        3.4642506185921862     
   3.2362922374475347        3.5252643877458718     
   3.2829414949242559        3.5861413879087194     
   3.3295907524009771        3.6467814647064651     
   3.3762400098776983        3.7069791996471855     
   3.4228892673544196        3.7667355859703777     
   3.4695385248311408        3.8258487468878459     
 atom Ni   dist =  19.95551    coord    0.00000   0.00000  19.95551
   7.2889464807377011E-004   2.4071678513647610E-002
   1.4577892961475402E-003   2.4640406667503709E-002
   2.1866839442213105E-003   2.5120660108444406E-002
   2.9155785922950804E-003   2.5567814385288341E-002
   3.6444732403688503E-003   2.5999238103926830E-002
   4.3733678884426202E-003   2.6422635285695328E-002
   5.1022625365163901E-003   2.6842204145950462E-002
   5.8311571845901600E-003   2.7260462681406132E-002
   6.5600518326639299E-003   2.7678875362395175E-002
   7.2889464807376998E-003   2.8098718829556869E-002
   8.0178411288114697E-003   2.8520723752382092E-002
   8.7467357768852404E-003   2.8945549649166704E-002
   9.4756304249590112E-003   2.9373657447976317E-002
   1.0204525073032782E-002   2.9805304881398202E-002
   1.0933419721106553E-002   3.0240983739721658E-002
   1.1662314369180323E-002   3.0680929147093867E-002
   1.2391209017254094E-002   3.1125141313684161E-002
   1.3120103665327865E-002   3.1574018062460622E-002
   1.3848998313401636E-002   3.2027700806315153E-002
   1.4577892961475407E-002   3.2486315619908987E-002
   1.5306787609549177E-002   3.2949987986437806E-002
   1.6035682257622946E-002   3.3418837821823547E-002
   1.6764576905696715E-002   3.3892977423971696E-002
   1.7493471553770484E-002   3.4372509035099266E-002
   1.8222366201844253E-002   3.4857471766223808E-002
   1.8951260849918022E-002   3.5347950971093244E-002
   1.9680155497991791E-002   3.5844071240640790E-002
   2.0409050146065560E-002   3.6345892931915175E-002
   2.1137944794139329E-002   3.6853439744123390E-002
   2.1866839442213098E-002   3.7366802256956787E-002
   2.2595734090286868E-002   3.7886011770637315E-002
   2.3324628738360637E-002   3.8411086933594518E-002
   2.4053523386434406E-002   3.8942170461536418E-002
   2.4782418034508175E-002   3.9479106156128804E-002
   2.5511312682581944E-002   4.0022173163259962E-002
   2.6240207330655713E-002   4.0571198521557279E-002
   2.6969101978729482E-002   4.1126241800794570E-002
   2.7697996626803251E-002   4.1687428404680628E-002
   2.8426891274877020E-002   4.2254521738022195E-002
   2.9155785922950789E-002   4.2827884057496039E-002
   3.0613575219098330E-002   4.3992552361602051E-002
   3.2071364515245872E-002   4.5181297467384654E-002
   3.3529153811393410E-002   4.6393832691793729E-002
   3.4986943107540948E-002   4.7629924615773346E-002
   3.6444732403688486E-002   4.8889533096771062E-002
   3.7902521699836024E-002   5.0171697762734037E-002
   3.9360310995983562E-002   5.1475482538484545E-002
   4.0818100292131100E-002   5.2799604787103792E-002
   4.2275889588278638E-002   5.4144722598770130E-002
   4.3733678884426176E-002   5.5508554426071596E-002
   4.5191468180573714E-002   5.6888849910487184E-002
   4.6649257476721252E-002   5.8286223450143185E-002
   4.8107046772868790E-002   5.9697740542194171E-002
   4.9564836069016328E-002   6.1120707676060676E-002
   5.1022625365163866E-002   6.2555838568400524E-002
   5.2480414661311404E-002   6.3997598425687294E-002
   5.3938203957458943E-002   6.5447063883636802E-002
   5.5395993253606481E-002   6.6899026280954607E-002
   5.6853782549754019E-002   6.8352825160909653E-002
   5.8311571845901557E-002   6.9804578180769905E-002
   5.9769361142049095E-002   7.1252562455635216E-002
   6.1227150438196633E-002   7.2693054032317003E-002
   6.2684939734344178E-002   7.4124473355839215E-002
   6.4142729030491716E-002   7.5542467346760761E-002
   6.5600518326639254E-002   7.6946412538594355E-002
   6.7058307622786792E-002   7.8331317152359886E-002
   6.8516096918934330E-002   7.9696943397039505E-002
   6.9973886215081868E-002   8.1039143861862659E-002
   7.1431675511229406E-002   8.2356501698026358E-002
   7.2889464807376944E-002   8.3646978045670381E-002
   7.4347254103524482E-002   8.4908601022679234E-002
   7.5805043399672020E-002   8.6139604538252965E-002
   7.7262832695819558E-002   8.7339481648617517E-002
   7.8720621991967096E-002   8.8506150881220186E-002
   8.0178411288114634E-002   8.9639363850562148E-002
   8.1636200584262172E-002   9.0739618844695086E-002
   8.3093989880409710E-002   9.1804006531143970E-002
   8.4551779176557249E-002   9.2835078455142980E-002
   8.6009568472704787E-002   9.3833529693370443E-002
   8.7467357768852325E-002   9.4795708199637257E-002
   9.0382936361147401E-002   9.6627476951466909E-002
   9.3298514953442477E-002   9.8332263353366769E-002
   9.6214093545737553E-002   9.9926168299866905E-002
   9.9129672138032629E-002  0.10141789684726533     
  0.10204525073032771       0.10281760623991563     
  0.10496082932262278       0.10414438736250445     
  0.10787640791491786       0.10540010710715124     
  0.11079198650721293       0.10660953179287343     
  0.11370756509950801       0.10776902408122735     
  0.11662314369180309       0.10890373917758119     
  0.11953872228409816       0.11000916134783079     
  0.12245430087639324       0.11110711946849301     
  0.12536987946868833       0.11219102373389372     
  0.12828545806098340       0.11328073240873121     
  0.13120103665327848       0.11437062774371513     
  0.13411661524557356       0.11547466011888680     
  0.13703219383786863       0.11659107319269633     
  0.13994777243016371       0.11772663073685176     
  0.14286335102245878       0.11888461625259096     
  0.14577892961475386       0.12006496052662799     
  0.14869450820704894       0.12127376261294449     
  0.15161008679934401       0.12251035192647383     
  0.15452566539163909       0.12377757214990907     
  0.15744124398393416       0.12507706803227950     
  0.16035682257622924       0.12641018626742717     
  0.16327240116852432       0.12777697617019043     
  0.16618797976081939       0.12917979048073552     
  0.16910355835311447       0.13061965981964482     
  0.17201913694540955       0.13209463096961560     
  0.17493471553770462       0.13360883629380163     
  0.17785029412999970       0.13516214095509230     
  0.18076587272229477       0.13675123781607323     
  0.18368145131458985       0.13838120363402245     
  0.18659702990688493       0.14005290359388045     
  0.18951260849918000       0.14176037867160066     
  0.19242818709147508       0.14350740422960065     
  0.19534376568377015       0.14530140065347741     
  0.19825934427606523       0.14713046952500983     
  0.20117492286836031       0.14899682815861159     
  0.20409050146065538       0.15091222376410829     
  0.20992165864524553       0.15485452987380977     
  0.21575281582983569       0.15896452064311997     
  0.22158397301442584       0.16322651732291257     
  0.22741513019901599       0.16765920314608665     
  0.23324628738360614       0.17223457828245875     
  0.23907744456819630       0.17697640547164309     
  0.24490860175278645       0.18185036410636485     
  0.25073975893737660       0.18687750761812347     
  0.25657091612196675       0.19202471753262576     
  0.26240207330655690       0.19730075108794246     
  0.26823323049114706       0.20268294751241775     
  0.27406438767573721       0.20815761963089283     
  0.27989554486032736       0.21372100721277656     
  0.28572670204491751       0.21933500613098877     
  0.29155785922950767       0.22500462219335873     
  0.29738901641409782       0.23068964844662374     
  0.30322017359868797       0.23637378804239856     
  0.30905133078327812       0.24203719626377865     
  0.31488248796786827       0.24765143953170790     
  0.32071364515245843       0.25318877995238631     
  0.32654480233704858       0.25863286369582150     
  0.33237595952163873       0.26396178851155366     
  0.33820711670622888       0.26912956621752837     
  0.34403827389081904       0.27414809819150060     
  0.34986943107540919       0.27899620926068086     
  0.35570058825999934       0.28361315984799151     
  0.36153174544458949       0.28804722622510820     
  0.36736290262917964       0.29228056520697093     
  0.37319405981376980       0.29624648914721186     
  0.37902521699835995       0.30001706752849044     
  0.38485637418295010       0.30358784864511518     
  0.39068753136754025       0.30690078401808180     
  0.39651868855213040       0.31001580483384522     
  0.40234984573672056       0.31295924431275574     
  0.40818100292131071       0.31570329988686108     
  0.41401216010590086       0.31823967459738361     
  0.41984331729049101       0.32064919312096607     
  0.42567447447508117       0.32293154701947335     
  0.43150563165967132       0.32503475571738544     
  0.43733678884426147       0.32703093703336905     
  0.44899910321344177       0.33079405702236125     
  0.46066141758262208       0.33417867651289057     
  0.47232373195180238       0.33743258726097475     
  0.48398604632098269       0.34049703230917783     
  0.49564836069016299       0.34357121778009703     
  0.50731067505934335       0.34660351661571365     
  0.51897298942852366       0.34972794515391536     
  0.53063530379770396       0.35291859658502295     
  0.54229761816688427       0.35624285714933585     
  0.55395993253606457       0.35970654364750537     
  0.56562224690524487       0.36332497793014734     
  0.57728456127442518       0.36712032405781680     
  0.58894687564360548       0.37109333737989419     
  0.60060919001278579       0.37525071598498944     
  0.61227150438196609       0.37960629708437871     
  0.62393381875114640       0.38415433549694450     
  0.63559613312032670       0.38888878601575866     
  0.64725844748950701       0.39384325873410125     
  0.65892076185868731       0.39898072731533840     
  0.67058307622786761       0.40430484648953419     
  0.68224539059704792       0.40986263806208506     
  0.69390770496622822       0.41559079646231722     
  0.70557001933540853       0.42150626737827096     
  0.71723233370458883       0.42765667556395731     
  0.72889464807376914       0.43397213033265791     
  0.74055696244294944       0.44046501851541547     
  0.75221927681212974       0.44720262197808064     
  0.76388159118131005       0.45410154892572729     
  0.77554390555049035       0.46117207299821283     
  0.78720621991967066       0.46847353299395217     
  0.79886853428885096       0.47595335475607470     
  0.81053084865803127       0.48359863358775529     
  0.82219316302721157       0.49144277963517785     
  0.83385547739639188       0.49950202753200540     
  0.84551779176557218       0.50772123185897489     
  0.85718010613475248       0.51611035874750044     
  0.86884242050393279       0.52472329392357731     
  0.88050473487311309       0.53351609230372354     
  0.89216704924229340       0.54247285012922930     
  0.90382936361147370       0.55160201654489993     
  0.92715399234983431       0.57048414046450080     
  0.95047862108819492       0.59003834211813599     
  0.97380324982655553       0.61037056321906968     
  0.99712787856491614       0.63137812950594985     
   1.0204525073032769       0.65313066364566674     
   1.0437771360416375       0.67556760003888550     
   1.0671017647799981       0.69870712481194230     
   1.0904263935183587       0.72253485964783526     
   1.1137510222567193       0.74702975340852451     
   1.1370756509950799       0.77218790290788097     
   1.1604002797334405       0.79801404595307635     
   1.1837249084718011       0.82441855183546486     
   1.2070495372101617       0.85148234065800499     
   1.2303741659485223       0.87911311159327610     
   1.2536987946868829       0.90729309432627481     
   1.2770234234252436       0.93609001994550900     
   1.3003480521636042       0.96530111495903437     
   1.3236726809019648       0.99505084879048000     
   1.3469973096403254        1.0253483180476832     
   1.3703219383786860        1.0558884108984758     
   1.3936465671170466        1.0869387893084039     
   1.4169711958554072        1.1184561834620310     
   1.4402958245937678        1.1500534816304222     
   1.4636204533321284        1.1820913552775594     
   1.4869450820704890        1.2145142598944114     
   1.5102697108088496        1.2469009031938307     
   1.5335943395472103        1.2795864076196972     
   1.5569189682855709        1.3125823907944305     
   1.5802435970239315        1.3455276359584456     
   1.6035682257622921        1.3785146002199131     
   1.6268928545006527        1.4117506306550685     
   1.6502174832390133        1.4450929534640449     
   1.6735421119773739        1.4780512787244695     
   1.6968667407157345        1.5112127939509648     
   1.7201913694540951        1.5444864789301886     
   1.7435159981924557        1.5775164600803495     
   1.7668406269308163        1.6103269606634705     
   1.7901652556691769        1.6432352695038892     
   1.8134898844075376        1.6761569178716056     
   1.8368145131458982        1.7086480815253029     
   1.8834637706226194        1.7733502343311105     
   1.9301130280993406        1.8375440936376404     
   1.9767622855760618        1.9008971839774698     
   2.0234115430527830        1.9638091275791403     
   2.0700608005295043        2.0257260732958704     
   2.1167100580062255        2.0874919405673991     
   2.1633593154829467        2.1480773463298242     
   2.2100085729596679        2.2086393300728537     
   2.2566578304363891        2.2684423520635022     
   2.3033070879131103        2.3280416516764135     
   2.3499563453898316        2.3874333395174312     
   2.3966056028665528        2.4463480753704587     
   2.4432548603432740        2.5054253634580550     
   2.4899041178199952        2.5641931549888883     
   2.5365533752967164        2.6230321018782186     
   2.5832026327734376        2.6821001942317384     
   2.6298518902501589        2.7409501700410255     
   2.6765011477268801        2.8001368315761384     
   2.7231504052036013        2.8595739341437003     
   2.7697996626803225        2.9190065000561258     
   2.8164489201570437        2.9788157455419841     
   2.8630981776337650        3.0389013570059613     
   2.9097474351104862        3.0990652983121727     
   2.9563966925872074        3.1595601568419123     
   3.0030459500639286        3.2203063436533497     
   3.0496952075406498        3.2811010773421581     
   3.0963444650173710        3.3420835434317353     
   3.1429937224940923        3.4032059089126077     
   3.1896429799708135        3.4642573647148045     
   3.2362922374475347        3.5252719435107616     
   3.2829414949242559        3.5861498788862489     
   3.3295907524009771        3.6467910244884250     
   3.3762400098776983        3.7069899472280938     
   3.4228892673544196        3.7667476428366524     
   3.4695385248311408        3.8258622044583830     
 atom Ni   dist =  26.60734    coord    0.00000   0.00000  26.60734
   7.2889464807377011E-004   2.4071678536543566E-002
   1.4577892961475402E-003   2.4640406692641371E-002
   2.1866839442213105E-003   2.5120660135599902E-002
   2.9155785922950804E-003   2.5567814414429593E-002
   3.6444732403688503E-003   2.5999238135085336E-002
   4.3733678884426202E-003   2.6422635318933650E-002
   5.1022625365163901E-003   2.6842204181350825E-002
   5.8311571845901600E-003   2.7260462719065109E-002
   6.5600518326639299E-003   2.7678875402420051E-002
   7.2889464807376998E-003   2.8098718872066077E-002
   8.0178411288114697E-003   2.8520723797503214E-002
   8.7467357768852404E-003   2.8945549697036960E-002
   9.4756304249590112E-003   2.9373657498742156E-002
   1.0204525073032782E-002   2.9805304935214615E-002
   1.0933419721106553E-002   3.0240983796754523E-002
   1.1662314369180323E-002   3.0680929207518876E-002
   1.2391209017254094E-002   3.1125141377685524E-002
   1.3120103665327865E-002   3.1574018130234853E-002
   1.3848998313401636E-002   3.2027700878069727E-002
   1.4577892961475407E-002   3.2486315695862841E-002
   1.5306787609549177E-002   3.2949988066821978E-002
   1.6035682257622946E-002   3.3418837906881806E-002
   1.6764576905696715E-002   3.3892977513961156E-002
   1.7493471553770484E-002   3.4372509130291037E-002
   1.8222366201844253E-002   3.4857471866903023E-002
   1.8951260849918022E-002   3.5347951077560280E-002
   1.9680155497991791E-002   3.5844071353212548E-002
   2.0409050146065560E-002   3.6345893050925192E-002
   2.1137944794139329E-002   3.6853439869922157E-002
   2.1866839442213098E-002   3.7366802389913474E-002
   2.2595734090286868E-002   3.7886011911139883E-002
   2.3324628738360637E-002   3.8411087082050398E-002
   2.4053523386434406E-002   3.8942170618375405E-002
   2.4782418034508175E-002   3.9479106321799282E-002
   2.5511312682581944E-002   4.0022173338237016E-002
   2.6240207330655713E-002   4.0571198706336194E-002
   2.6969101978729482E-002   4.1126241995895728E-002
   2.7697996626803251E-002   4.1687428610652034E-002
   2.8426891274877020E-002   4.2254521955433492E-002
   2.9155785922950789E-002   4.2827884286951674E-002
   3.0613575219098330E-002   4.3992552617057382E-002
   3.2071364515245872E-002   4.5181297751594719E-002
   3.3529153811393410E-002   4.6393833007768427E-002
   3.4986943107540948E-002   4.7629924966798159E-002
   3.6444732403688486E-002   4.8889533486433934E-002
   3.7902521699836024E-002   5.0171698194901783E-002
   3.9360310995983562E-002   5.1475483017347709E-002
   4.0818100292131100E-002   5.2799605317165460E-002
   4.2275889588278638E-002   5.4144723184940097E-002
   4.3733678884426176E-002   5.5508555073564905E-002
   4.5191468180573714E-002   5.6888850624822275E-002
   4.6649257476721252E-002   5.8286224237290289E-002
   4.8107046772868790E-002   5.9697741408405260E-002
   4.9564836069016328E-002   6.1120708627862640E-002
   5.1022625365163866E-002   6.2555839612799438E-002
   5.2480414661311404E-002   6.3997599569757174E-002
   5.3938203957458943E-002   6.5447065134939100E-002
   5.5395993253606481E-002   6.6899027647063611E-002
   5.6853782549754019E-002   6.8352826649712164E-002
   5.8311571845901557E-002   6.9804579800130107E-002
   5.9769361142049095E-002   7.1252564213589928E-002
   6.1227150438196633E-002   7.2693055936797465E-002
   6.2684939734344178E-002   7.4124475414817009E-002
   6.4142729030491716E-002   7.5542469567877163E-002
   6.5600518326639254E-002   7.6946414929501827E-002
   6.7058307622786792E-002   7.8331319720121417E-002
   6.8516096918934330E-002   7.9696946148633874E-002
   6.9973886215081868E-002   8.1039146803593642E-002
   7.1431675511229406E-002   8.2356504835802799E-002
   7.2889464807376944E-002   8.3646981384846469E-002
   7.4347254103524482E-002   8.4908604567986601E-002
   7.5805043399672020E-002   8.6139608293759065E-002
   7.7262832695819558E-002   8.7339485617883461E-002
   7.8720621991967096E-002   8.8506155066970252E-002
   8.0178411288114634E-002   8.9639368254966573E-002
   8.1636200584262172E-002   9.0739623469500805E-002
   8.3093989880409710E-002   9.1804011376957498E-002
   8.4551779176557249E-002   9.2835083522528547E-002
   8.6009568472704787E-002   9.3833534982497108E-002
   8.7467357768852325E-002   9.4795713709281651E-002
   9.0382936361147401E-002   9.6627482899977385E-002
   9.3298514953442477E-002   9.8332269733503785E-002
   9.6214093545737553E-002   9.9926175104525256E-002
   9.9129672138032629E-002  0.10141790406821947     
  0.10204525073032771       0.10281761386871469     
  0.10496082932262278       0.10414439539375044     
  0.10787640791491786       0.10540011553389995     
  0.11079198650721293       0.10660954061431352     
  0.11370756509950801       0.10776903329407206     
  0.11662314369180309       0.10890374878606338     
  0.11953872228409816       0.11000917135399801     
  0.12245430087639324       0.11110712988187105     
  0.12536987946868833       0.11219103456147039     
  0.12828545806098340       0.11328074366516296     
  0.13120103665327848       0.11437063944201792     
  0.13411661524557356       0.11547467227824081     
  0.13703219383786863       0.11659108583208228     
  0.13994777243016371       0.11772664387901252     
  0.14286335102245878       0.11888462992281863     
  0.14577892961475386       0.12006497475140392     
  0.14869450820704894       0.12127377742300650     
  0.15161008679934401       0.12251036735396019     
  0.15452566539163909       0.12377758823010353     
  0.15744124398393416       0.12507708480313526     
  0.16035682257622924       0.12641020376973228     
  0.16327240116852432       0.12777699444704127     
  0.16618797976081939       0.12917980957903250     
  0.16910355835311447       0.13061967978961020     
  0.17201913694540955       0.13209465186314961     
  0.17493471553770462       0.13360885816846593     
  0.17785029412999970       0.13516216387176830     
  0.18076587272229477       0.13675126183692410     
  0.18368145131458985       0.13838122882847345     
  0.18659702990688493       0.14005293003618488     
  0.18951260849918000       0.14176040643584131     
  0.19242818709147508       0.14350743339716887     
  0.19534376568377015       0.14530143131685203     
  0.19825934427606523       0.14713050177206649     
  0.20117492286836031       0.14899686208421750     
  0.20409050146065538       0.15091225947972634     
  0.20992165864524553       0.15485456949624712     
  0.21575281582983569       0.15896456467177203     
  0.22158397301442584       0.16322656629970633     
  0.22741513019901599       0.16765925769951420     
  0.23324628738360614       0.17223463907906256     
  0.23907744456819630       0.17697647329040356     
  0.24490860175278645       0.18185043976125892     
  0.25073975893737660       0.18687759204796583     
  0.25657091612196675       0.19202481171948341     
  0.26240207330655690       0.19730085613343065     
  0.26823323049114706       0.20268306458064883     
  0.27406438767573721       0.20815774996395323     
  0.27989554486032736       0.21372115215567969     
  0.28572670204491751       0.21933516703636327     
  0.29155785922950767       0.22500480053108962     
  0.29738901641409782       0.23068984566025436     
  0.30322017359868797       0.23637400560149838     
  0.30905133078327812       0.24203743563535249     
  0.31488248796786827       0.24765170212308568     
  0.32071364515245843       0.25318906708634198     
  0.32654480233704858       0.25863317662246221     
  0.33237595952163873       0.26396212835687222     
  0.33820711670622888       0.26912993382300082     
  0.34403827389081904       0.27414849438678585     
  0.34986943107540919       0.27899663466440705     
  0.35570058825999934       0.28361361458553475     
  0.36153174544458949       0.28804771058102013     
  0.36736290262917964       0.29228107921654328     
  0.37319405981376980       0.29624703221355525     
  0.37902521699835995       0.30001763940105558     
  0.38485637418295010       0.30358844889898107     
  0.39068753136754025       0.30690141161083917     
  0.39651868855213040       0.31001645904226849     
  0.40234984573672056       0.31295992450709859     
  0.40818100292131071       0.31570400507589885     
  0.41401216010590086       0.31824040357491434     
  0.41984331729049101       0.32064994531441460     
  0.42567447447508117       0.32293232178302766     
  0.43150563165967132       0.32503555182160887     
  0.43733678884426147       0.32703175386486216     
  0.44899910321344177       0.33079491421960511     
  0.46066141758262208       0.33417957159997197     
  0.47232373195180238       0.33743352014397671     
  0.48398604632098269       0.34049800212717363     
  0.49564836069016299       0.34357222585205033     
  0.50731067505934335       0.34660456369512982     
  0.51897298942852366       0.34972903366168773     
  0.53063530379770396       0.35291972872870220     
  0.54229761816688427       0.35624403613859296     
  0.55395993253606457       0.35970777297197015     
  0.56562224690524487       0.36332626152314013     
  0.57728456127442518       0.36712166644372951     
  0.58894687564360548       0.37109474341769227     
  0.60060919001278579       0.37525219097583440     
  0.61227150438196609       0.37960784693833743     
  0.62393381875114640       0.38415596648431410     
  0.63559613312032670       0.38889050479526621     
  0.64725844748950701       0.39384507311401706     
  0.65892076185868731       0.39898264503213060     
  0.67058307622786761       0.40430687595565040     
  0.68224539059704792       0.40986478933873288     
  0.69390770496622822       0.41559307939070994     
  0.70557001933540853       0.42150869231704413     
  0.71723233370458883       0.42765925517560643     
  0.72889464807376914       0.43397487657557532     
  0.74055696244294944       0.44046794456069521     
  0.75221927681212974       0.44720574389468798     
  0.76388159118131005       0.45410488172091934     
  0.77554390555049035       0.46117563312131687     
  0.78720621991967066       0.46847734008871239     
  0.79886853428885096       0.47595742833065163     
  0.81053084865803127       0.48360299410877117     
  0.82219316302721157       0.49144745040210558     
  0.83385547739639188       0.49950703439704069     
  0.84551779176557218       0.50772660046039286     
  0.85718010613475248       0.51611611706828942     
  0.86884242050393279       0.52472947459237396     
  0.88050473487311309       0.53352272844622162     
  0.89216704924229340       0.54247997656230351     
  0.90382936361147370       0.55160967114920356     
  0.92715399234983431       0.57049298311362373     
  0.95047862108819492       0.59004856110253412     
  0.97380324982655553       0.61038238351372875     
  0.99712787856491614       0.63139180255997129     
   1.0204525073032769       0.65314648496857464     
   1.0437771360416375       0.67558590363105919     
   1.0671017647799981       0.69872829587166163     
   1.0904263935183587       0.72255933780634418     
   1.1137510222567193       0.74705803838864682     
   1.1370756509950799       0.77222056428459884     
   1.1604002797334405       0.79805173357877035     
   1.1837249084718011       0.82446198619690614     
   1.2070495372101617       0.85153235527794680     
   1.2303741659485223       0.87917062902594600     
   1.2536987946868829       0.90735915023481717     
   1.2770234234252436       0.93616580262024751     
   1.3003480521636042       0.96538789257854651     
   1.3236726809019648       0.99515008377168845     
   1.3469973096403254        1.0254616530044183     
   1.3703219383786860        1.0560175347304361     
   1.3936465671170466        1.0870857041831903     
   1.4169711958554072        1.1186230984699370     
   1.4402958245937678        1.1502425978236261     
   1.4636204533321284        1.1823053294847412     
   1.4869450820704890        1.2147559906909633     
   1.5102697108088496        1.2471732198337999     
   1.5335943395472103        1.2798926808321909     
   1.5569189682855709        1.3129263265154139     
   1.5802435970239315        1.3459128801123439     
   1.6035682257622921        1.3789451875786687     
   1.6268928545006527        1.4122311964172947     
   1.6502174832390133        1.4456283336069640     
   1.6735421119773739        1.4786459085309169     
   1.6968667407157345        1.5118723511884020     
   1.7201913694540951        1.5452169428339790     
   1.7435159981924557        1.5783235454492317     
   1.7668406269308163        1.6112167501537855     
   1.7901652556691769        1.6442149517992437     
   1.8134898844075376        1.6772339972873429     
   1.8368145131458982        1.7098293508941291     
   1.8834637706226194        1.7747645681948556     
   1.9301130280993406        1.8392272598804806     
   1.9767622855760618        1.9028876886167536     
   2.0234115430527830        1.9661514262431781     
   2.0700608005295043        2.0284666802550344     
   2.1167100580062255        2.0906867871646626     
   2.1633593154829467        2.1517816520803068     
   2.2100085729596679        2.2129218741742025     
   2.2566578304363891        2.2733734554172274     
   2.3033070879131103        2.3337034151847518     
   2.3499563453898316        2.3939164685757532     
   2.3966056028665528        2.4537496181067171     
   2.4432548603432740        2.5138602925901030     
   2.4899041178199952        2.5737822981571634     
   2.5365533752967164        2.6339144595917969     
   2.5832026327734376        2.6944326437808828     
   2.6298518902501589        2.7548976705093837     
   2.6765011477268801        2.8158932436619342     
   2.7231504052036013        2.8773525513672342     
   2.7697996626803225        2.9390368460457714     
   2.8164489201570437        3.0013623272919525     
   2.8630981776337650        3.0642548595800543     
   2.9097474351104862        3.1275404106361098     
   2.9563966925872074        3.1915144726600091     
   3.0030459500639286        3.2561372057508615     
   3.0496952075406498        3.3212246335005222     
   3.0963444650173710        3.3869840162030451     
   3.1429937224940923        3.4533973280544839     
   3.1896429799708135        3.5203129169657550     
   3.2362922374475347        3.5878039447458892     
   3.2829414949242559        3.6558463859702726     
   3.3295907524009771        3.7243756922484006     
   3.3762400098776983        3.7932615924915898     
   3.4228892673544196        3.8625528422493298     
   3.4695385248311408        3.9321306035615260     
