    27.86330     5.29104  -0.00000    1    0   0.490588E+00-0.403441E+00   0.688229E+00-0.919085E-18   0.00000
     0.00000         NaN       NaN
    27.86330     5.29104  -0.00000    1    1  -0.416380E+00-0.776816E+00   0.206283E+01 0.637164E-16  -0.43268
    -0.75058     2.09373   0.00000
    27.86330     5.29104  -0.00000    1    2   0.299153E+00-0.993658E-01   0.320692E+00-0.308284E-16   0.30510
    -0.10388     0.32816  -0.00000
    27.86330     5.29104  -0.00000    1    3  -0.432508E+00-0.750872E+00   0.209339E+01-0.621020E-16  -0.43351
    -0.74913     2.09540  -0.00000
    27.86330     5.29104  -0.00000    1    4   0.265571E+00-0.923642E+00   0.129082E+01 0.848126E-16   0.26498
    -0.92401     1.29152   0.00000
    27.86330     5.29104  -0.00000    1    5   0.493067E+00-0.582973E+00   0.868757E+00-0.111638E-15   0.49302
    -0.58328     0.86907   0.00000
    27.86330     5.29104  -0.00000    1    6   0.471947E+00-0.334875E+00   0.617114E+00 0.212275E-16   0.47200
    -0.33503     0.61728   0.00000
    27.86330     5.29104  -0.00000    1    7   0.404608E+00-0.206245E+00   0.471408E+00-0.607568E-16   0.40467
    -0.20633     0.47151   0.00000
    27.86330     5.29104  -0.00000    1    8   0.330145E+00-0.124494E+00   0.360602E+00-0.151508E-15   0.33020
    -0.12454     0.36067   0.00000
    27.86330     5.29104  -0.00000    1    9   0.273935E+00-0.817182E-01   0.289908E+00 0.565948E-16   0.27397
    -0.08174     0.28995  -0.00000
    27.86330     5.29104  -0.00000    1   10   0.230523E+00-0.563121E-01   0.239587E+00-0.433729E-16   0.23055
    -0.05633     0.23962  -0.00000
    27.86330     5.29104  -0.00000    1   11   0.182842E+00-0.346303E-01   0.187183E+00-0.872648E-16   0.18287
    -0.03464     0.18721  -0.00000
    27.86330     5.29104  -0.00000    1   12   0.149370E+00-0.228329E-01   0.151687E+00 0.254140E-16   0.14939
    -0.02284     0.15171   0.00000
    27.86330     5.29104  -0.00000    1   13   0.130260E+00-0.172658E-01   0.131781E+00-0.138311E-16   0.13028
    -0.01727     0.13180   0.00000
    27.86330     5.29104  -0.00000    1   14   0.104844E+00-0.111159E-01   0.105628E+00 0.289201E-16   0.10486
    -0.01112     0.10564   0.00000
    27.86330     5.29104  -0.00000    1   15   0.691301E-01-0.480202E-02   0.693522E-01-0.140669E-15   0.06914
    -0.00480     0.06936  -0.00000
    27.86330     5.29104  -0.00000    1   16   0.362750E-01-0.131761E-02   0.363069E-01 0.110462E-15   0.03628
    -0.00132     0.03631  -0.00000
    27.86330     5.29104  -0.00000    1   17   0.154445E-01-0.238589E-03   0.154469E-01-0.312345E-16   0.01545
    -0.00024     0.01545   0.00000
    27.86330     5.29104  -0.00000    1   18   0.548492E-02-0.300853E-04   0.548503E-02 0.951835E-16   0.00549
    -0.00003     0.00549  -0.00000
    27.86330     5.29104  -0.00000    1   19   0.165963E-02-0.275437E-05   0.165963E-02 0.789773E-16   0.00166
    -0.00000     0.00166   0.00000
    27.86330     5.29104  -0.00000    1   20   0.434353E-03-0.188662E-06   0.434353E-03-0.144991E-16   0.00043
    -0.00000     0.00043   0.00000
    27.86330     5.29104  -0.00000    2    0   0.484072E+00-0.374801E+00   0.658853E+00-0.143184E-17   0.00043
    -0.00000     0.00043   0.00000
    27.86330     5.29104  -0.00000    2    1  -0.394103E+00-0.807706E+00   0.202474E+01 0.721075E-16  -0.41232
    -0.78282     2.05559   0.00000
    27.86330     5.29104  -0.00000    2    2   0.263286E+00-0.749346E-01   0.277281E+00-0.537854E-18   0.26940
    -0.07878     0.28450  -0.00000
    27.86330     5.29104  -0.00000    2    3  -0.427830E+00-0.758769E+00   0.208421E+01 0.106000E-15  -0.42881
    -0.75714     2.08611  -0.00000
    27.86330     5.29104  -0.00000    2    4   0.251657E+00-0.932052E+00   0.130708E+01 0.389071E-16   0.25107
    -0.93239     1.30776   0.00000
    27.86330     5.29104  -0.00000    2    5   0.489441E+00-0.602215E+00   0.888339E+00-0.192667E-16   0.48938
    -0.60252     0.88865  -0.00000
    27.86330     5.29104  -0.00000    2    6   0.477068E+00-0.350312E+00   0.633379E+00 0.135378E-16   0.47712
    -0.35047     0.63355  -0.00000
    27.86330     5.29104  -0.00000    2    7   0.412465E+00-0.217383E+00   0.485040E+00-0.804476E-16   0.41252
    -0.21747     0.48514  -0.00000
    27.86330     5.29104  -0.00000    2    8   0.338166E+00-0.131701E+00   0.371385E+00 0.155651E-15   0.33822
    -0.13175     0.37145  -0.00000
    27.86330     5.29104  -0.00000    2    9   0.281154E+00-0.865360E-01   0.298587E+00-0.602315E-16   0.28119
    -0.08656     0.29863  -0.00000
    27.86330     5.29104  -0.00000    2   10   0.237158E+00-0.598225E-01   0.247093E+00 0.720107E-16   0.23719
    -0.05984     0.24713  -0.00000
    27.86330     5.29104  -0.00000    2   11   0.188269E+00-0.367992E-01   0.193028E+00-0.814021E-16   0.18829
    -0.03681     0.19305  -0.00000
    27.86330     5.29104  -0.00000    2   12   0.153809E+00-0.242450E-01   0.156344E+00-0.790883E-16   0.15383
    -0.02425     0.15636  -0.00000
    27.86330     5.29104  -0.00000    2   13   0.134489E+00-0.184269E-01   0.136166E+00 0.119617E-15   0.13450
    -0.01843     0.13618  -0.00000
    27.86330     5.29104  -0.00000    2   14   0.108712E+00-0.119614E-01   0.109587E+00 0.835098E-17   0.10872
    -0.01196     0.10960  -0.00000
    27.86330     5.29104  -0.00000    2   15   0.719433E-01-0.520291E-02   0.721939E-01-0.607762E-16   0.07195
    -0.00520     0.07220   0.00000
    27.86330     5.29104  -0.00000    2   16   0.378325E-01-0.143335E-02   0.378687E-01-0.917100E-16   0.03784
    -0.00143     0.03787  -0.00000
    27.86330     5.29104  -0.00000    2   17   0.161243E-01-0.260060E-03   0.161271E-01-0.279942E-16   0.01613
    -0.00026     0.01613   0.00000
    27.86330     5.29104  -0.00000    2   18   0.572958E-02-0.328291E-04   0.572970E-02-0.850807E-16   0.00573
    -0.00003     0.00573   0.00000
    27.86330     5.29104  -0.00000    2   19   0.173440E-02-0.300814E-05   0.173440E-02-0.183080E-16   0.00173
    -0.00000     0.00173  -0.00000
    27.86330     5.29104  -0.00000    2   20   0.454095E-03-0.206202E-06   0.454095E-03 0.608008E-16   0.00045
    -0.00000     0.00045   0.00000
    27.86330     5.29104  -0.00000    3    0   0.484071E+00-0.374801E+00   0.658852E+00-0.801487E-17   0.00045
    -0.00000     0.00045   0.00000
    27.86330     5.29104  -0.00000    3    1  -0.394102E+00-0.807707E+00   0.202474E+01 0.536220E-16  -0.41232
    -0.78282     2.05559  -0.00000
    27.86330     5.29104  -0.00000    3    2   0.263284E+00-0.749335E-01   0.277279E+00 0.286390E-16   0.26940
    -0.07878     0.28450   0.00000
    27.86330     5.29104  -0.00000    3    3  -0.427829E+00-0.758771E+00   0.208421E+01-0.184374E-16  -0.42881
    -0.75715     2.08610   0.00000
    27.86330     5.29104  -0.00000    3    4   0.251659E+00-0.932051E+00   0.130708E+01-0.269093E-16   0.25107
    -0.93239     1.30776  -0.00000
    27.86330     5.29104  -0.00000    3    5   0.489442E+00-0.602210E+00   0.888334E+00-0.985036E-16   0.48938
    -0.60252     0.88865   0.00000
    27.86330     5.29104  -0.00000    3    6   0.477067E+00-0.350312E+00   0.633378E+00-0.896245E-16   0.47712
    -0.35047     0.63355   0.00000
    27.86330     5.29104  -0.00000    3    7   0.412465E+00-0.217383E+00   0.485040E+00-0.703576E-16   0.41252
    -0.21747     0.48514   0.00000
    27.86330     5.29104  -0.00000    3    8   0.338159E+00-0.131695E+00   0.371376E+00 0.416011E-16   0.33821
    -0.13174     0.37145   0.00000
    27.86330     5.29104  -0.00000    3    9   0.281154E+00-0.865363E-01   0.298588E+00-0.853706E-16   0.28119
    -0.08656     0.29864   0.00000
    27.86330     5.29104  -0.00000    3   10   0.237163E+00-0.598256E-01   0.247100E+00 0.483510E-16   0.23719
    -0.05984     0.24714   0.00000
    27.86330     5.29104  -0.00000    3   11   0.188269E+00-0.367993E-01   0.193028E+00-0.198052E-16   0.18829
    -0.03681     0.19305   0.00000
    27.86330     5.29104  -0.00000    3   12   0.153812E+00-0.242460E-01   0.156347E+00-0.626563E-16   0.15383
    -0.02425     0.15637  -0.00000
    27.86330     5.29104  -0.00000    3   13   0.134505E+00-0.184312E-01   0.136182E+00 0.139611E-15   0.13452
    -0.01844     0.13620   0.00000
    27.86330     5.29104  -0.00000    3   14   0.108735E+00-0.119666E-01   0.109611E+00-0.330299E-16   0.10875
    -0.01197     0.10962  -0.00000
    27.86330     5.29104  -0.00000    3   15   0.719631E-01-0.520579E-02   0.722139E-01-0.959084E-16   0.07197
    -0.00521     0.07222   0.00000
    27.86330     5.29104  -0.00000    3   16   0.378441E-01-0.143423E-02   0.378804E-01-0.366373E-16   0.03785
    -0.00143     0.03788  -0.00000
    27.86330     5.29104  -0.00000    3   17   0.161295E-01-0.260227E-03   0.161323E-01-0.339412E-16   0.01613
    -0.00026     0.01613  -0.00000
    27.86330     5.29104  -0.00000    3   18   0.573144E-02-0.328505E-04   0.573157E-02-0.492495E-16   0.00573
    -0.00003     0.00573  -0.00000
    27.86330     5.29104  -0.00000    3   19   0.173496E-02-0.301011E-05   0.173497E-02 0.887507E-17   0.00174
    -0.00000     0.00174   0.00000
    27.86330     5.29104  -0.00000    3   20   0.454243E-03-0.206337E-06   0.454243E-03 0.280311E-16   0.00045
    -0.00000     0.00045   0.00000
    27.86330     5.29104  -0.00000    4    0   0.484074E+00-0.374811E+00   0.658863E+00-0.138619E-15   0.00045
    -0.00000     0.00045   0.00000
    27.86330     5.29104  -0.00000    4    1  -0.394109E+00-0.807698E+00   0.202475E+01 0.592599E-16  -0.41233
    -0.78281     2.05560   0.00000
    27.86330     5.29104  -0.00000    4    2   0.263294E+00-0.749397E-01   0.277291E+00-0.510876E-16   0.26941
    -0.07879     0.28451  -0.00000
    27.86330     5.29104  -0.00000    4    3  -0.427835E+00-0.758760E+00   0.208422E+01 0.217611E-16  -0.42881
    -0.75714     2.08612  -0.00000
    27.86330     5.29104  -0.00000    4    4   0.251649E+00-0.932057E+00   0.130709E+01-0.948308E-17   0.25106
    -0.93240     1.30777  -0.00000
    27.86330     5.29104  -0.00000    4    5   0.489439E+00-0.602222E+00   0.888346E+00 0.403361E-16   0.48937
    -0.60253     0.88866  -0.00000
    27.86330     5.29104  -0.00000    4    6   0.477071E+00-0.350322E+00   0.633390E+00 0.905570E-16   0.47712
    -0.35048     0.63356  -0.00000
    27.86330     5.29104  -0.00000    4    7   0.412472E+00-0.217393E+00   0.485052E+00 0.837563E-16   0.41253
    -0.21748     0.48516  -0.00000
    27.86330     5.29104  -0.00000    4    8   0.338167E+00-0.131702E+00   0.371387E+00-0.106931E-15   0.33822
    -0.13175     0.37146   0.00000
    27.86330     5.29104  -0.00000    4    9   0.281163E+00-0.865421E-01   0.298598E+00 0.131428E-15   0.28120
    -0.08657     0.29865  -0.00000
    27.86330     5.29104  -0.00000    4   10   0.237173E+00-0.598306E-01   0.247110E+00 0.119963E-16   0.23720
    -0.05985     0.24715  -0.00000
    27.86330     5.29104  -0.00000    4   11   0.188277E+00-0.368027E-01   0.193037E+00-0.416666E-16   0.18830
    -0.03681     0.19306   0.00000
    27.86330     5.29104  -0.00000    4   12   0.153820E+00-0.242485E-01   0.156356E+00-0.863145E-16   0.15384
    -0.02425     0.15638   0.00000
    27.86330     5.29104  -0.00000    4   13   0.134513E+00-0.184335E-01   0.136191E+00 0.140667E-15   0.13453
    -0.01844     0.13621  -0.00000
    27.86330     5.29104  -0.00000    4   14   0.108743E+00-0.119683E-01   0.109619E+00 0.830589E-16   0.10876
    -0.01197     0.10963   0.00000
    27.86330     5.29104  -0.00000    4   15   0.719687E-01-0.520660E-02   0.722195E-01 0.410676E-16   0.07198
    -0.00521     0.07223   0.00000
    27.86330     5.29104  -0.00000    4   16   0.378472E-01-0.143447E-02   0.378834E-01-0.697273E-16   0.03785
    -0.00143     0.03789  -0.00000
    27.86330     5.29104  -0.00000    4   17   0.161308E-01-0.260270E-03   0.161336E-01 0.932524E-16   0.01613
    -0.00026     0.01614   0.00000
    27.86330     5.29104  -0.00000    4   18   0.573193E-02-0.328561E-04   0.573205E-02 0.405042E-16   0.00573
    -0.00003     0.00573   0.00000
    27.86330     5.29104  -0.00000    4   19   0.173511E-02-0.301061E-05   0.173511E-02-0.282133E-17   0.00174
    -0.00000     0.00174  -0.00000
    27.86330     5.29104  -0.00000    4   20   0.454282E-03-0.206372E-06   0.454282E-03 0.602974E-16   0.00045
    -0.00000     0.00045  -0.00000
    27.86330     5.29104  -0.00000    5    0   0.483766E+00-0.373625E+00   0.657637E+00 0.117116E-15   0.00045
    -0.00000     0.00045  -0.00000
    27.86330     5.29104  -0.00000    5    1  -0.393338E+00-0.808683E+00   0.202350E+01 0.562482E-16  -0.41162
    -0.78384     2.05435   0.00000
    27.86330     5.29104  -0.00000    5    2   0.262210E+00-0.742700E-01   0.276017E+00-0.843300E-16   0.26833
    -0.07810     0.28324   0.00000
    27.86330     5.29104  -0.00000    5    3  -0.427184E+00-0.759835E+00   0.208296E+01 0.295517E-16  -0.42817
    -0.75821     2.08486  -0.00000
    27.86330     5.29104  -0.00000    5    4   0.252580E+00-0.931513E+00   0.130601E+01-0.489609E-16   0.25199
    -0.93186     1.30669   0.00000
    27.86330     5.29104  -0.00000    5    5   0.489716E+00-0.600888E+00   0.886984E+00 0.356025E-16   0.48965
    -0.60120     0.88730   0.00000
    27.86330     5.29104  -0.00000    5    6   0.476734E+00-0.349253E+00   0.632269E+00 0.297424E-16   0.47679
    -0.34942     0.63244   0.00000
    27.86330     5.29104  -0.00000    5    7   0.411617E+00-0.216148E+00   0.483541E+00 0.432215E-16   0.41168
    -0.21623     0.48365  -0.00000
    27.86330     5.29104  -0.00000    5    8   0.337200E+00-0.130817E+00   0.370076E+00 0.775658E-16   0.33725
    -0.13086     0.37015   0.00000
    27.86330     5.29104  -0.00000    5    9   0.280008E+00-0.857594E-01   0.297203E+00-0.107583E-15   0.28005
    -0.08579     0.29725   0.00000
    27.86330     5.29104  -0.00000    5   10   0.235642E+00-0.590093E-01   0.245373E+00 0.629561E-16   0.23567
    -0.05903     0.24541   0.00000
    27.86330     5.29104  -0.00000    5   11   0.186895E+00-0.362432E-01   0.191546E+00-0.101090E-15   0.18692
    -0.03625     0.19157   0.00000
    27.86330     5.29104  -0.00000    5   12   0.152456E+00-0.238096E-01   0.154923E+00-0.123321E-15   0.15247
    -0.02382     0.15494   0.00000
    27.86330     5.29104  -0.00000    5   13   0.132691E+00-0.179283E-01   0.134300E+00 0.344561E-17   0.13271
    -0.01793     0.13432   0.00000
    27.86330     5.29104  -0.00000    5   14   0.106675E+00-0.115121E-01   0.107501E+00 0.125757E-17   0.10669
    -0.01151     0.10751   0.00000
    27.86330     5.29104  -0.00000    5   15   0.702895E-01-0.496526E-02   0.705231E-01-0.289152E-16   0.07030
    -0.00497     0.07053  -0.00000
    27.86330     5.29104  -0.00000    5   16   0.368606E-01-0.136056E-02   0.368941E-01-0.532690E-16   0.03687
    -0.00136     0.03690  -0.00000
    27.86330     5.29104  -0.00000    5   17   0.156847E-01-0.246070E-03   0.156873E-01 0.136950E-15   0.01569
    -0.00025     0.01569   0.00000
    27.86330     5.29104  -0.00000    5   18   0.556765E-02-0.309997E-04   0.556777E-02-0.162657E-15   0.00557
    -0.00003     0.00557  -0.00000
    27.86330     5.29104  -0.00000    5   19   0.168410E-02-0.283619E-05   0.168410E-02-0.138749E-16   0.00168
    -0.00000     0.00168   0.00000
    27.86330     5.29104  -0.00000    5   20   0.440653E-03-0.194175E-06   0.440653E-03 0.164630E-16   0.00044
    -0.00000     0.00044  -0.00000
