        6        1        1        0        2
       20       20       20       20
       20       20        0        0
--------------------------  ATOM   1  -----------------------
      9.9957   -0.0000      0.479611E+00     -0.358673E+00
      9.9957   -0.0000     -0.408540E+00     -0.788262E+00
      9.9957   -0.0000      0.295590E+00     -0.967301E-01
      9.9957   -0.0000     -0.432167E+00     -0.751458E+00
      9.9957   -0.0000      0.265132E+00     -0.923916E+00
      9.9957   -0.0000      0.492894E+00     -0.583998E+00
      9.9957   -0.0000      0.472335E+00     -0.335990E+00
      9.9957   -0.0000      0.405432E+00     -0.207383E+00
      9.9957   -0.0000      0.331127E+00     -0.125360E+00
      9.9957   -0.0000      0.275097E+00     -0.824812E-01
      9.9957   -0.0000      0.231775E+00     -0.569645E-01
      9.9957   -0.0000      0.183970E+00     -0.350754E-01
      9.9957   -0.0000      0.150492E+00     -0.231853E-01
      9.9957   -0.0000      0.131450E+00     -0.175884E-01
      9.9957   -0.0000      0.105899E+00     -0.113432E-01
      9.9957   -0.0000      0.698318E-01     -0.490050E-02
      9.9957   -0.0000      0.366245E-01     -0.134316E-02
      9.9957   -0.0000      0.155808E-01     -0.242821E-03
      9.9957   -0.0000      0.552859E-02     -0.305662E-04
      9.9957   -0.0000      0.167143E-02     -0.279369E-05
      9.9957   -0.0000      0.437089E-03     -0.191047E-06
--------------------------  ATOM   2  -----------------------
      9.9957   -0.0000      0.470587E+00     -0.331039E+00
      9.9957   -0.0000     -0.385571E+00     -0.818331E+00
      9.9957   -0.0000      0.259682E+00     -0.727235E-01
      9.9957   -0.0000     -0.427530E+00     -0.759265E+00
      9.9957   -0.0000      0.251206E+00     -0.932314E+00
      9.9957   -0.0000      0.489224E+00     -0.603247E+00
      9.9957   -0.0000      0.477420E+00     -0.351441E+00
      9.9957   -0.0000      0.413230E+00     -0.218502E+00
      9.9957   -0.0000      0.339086E+00     -0.132548E+00
      9.9957   -0.0000      0.282285E+00     -0.873074E-01
      9.9957   -0.0000      0.238380E+00     -0.604831E-01
      9.9957   -0.0000      0.189357E+00     -0.372432E-01
      9.9957   -0.0000      0.154908E+00     -0.246019E-01
      9.9957   -0.0000      0.135685E+00     -0.187624E-01
      9.9957   -0.0000      0.109785E+00     -0.122015E-01
      9.9957   -0.0000      0.726584E-01     -0.530741E-02
      9.9957   -0.0000      0.381870E-01     -0.146038E-02
      9.9957   -0.0000      0.162615E-01     -0.264506E-03
      9.9957   -0.0000      0.577307E-02     -0.333295E-04
      9.9957   -0.0000      0.174601E-02     -0.304856E-05
      9.9957   -0.0000      0.456750E-03     -0.208621E-06
--------------------------  ATOM   3  -----------------------
      9.9957   -0.0000      0.470584E+00     -0.331030E+00
      9.9957   -0.0000     -0.385566E+00     -0.818338E+00
      9.9957   -0.0000      0.259674E+00     -0.727185E-01
      9.9957   -0.0000     -0.427522E+00     -0.759278E+00
      9.9957   -0.0000      0.251222E+00     -0.932305E+00
      9.9957   -0.0000      0.489226E+00     -0.603240E+00
      9.9957   -0.0000      0.477415E+00     -0.351425E+00
      9.9957   -0.0000      0.413224E+00     -0.218493E+00
      9.9957   -0.0000      0.339081E+00     -0.132544E+00
      9.9957   -0.0000      0.282272E+00     -0.872985E-01
      9.9957   -0.0000      0.238374E+00     -0.604799E-01
      9.9957   -0.0000      0.189355E+00     -0.372424E-01
      9.9957   -0.0000      0.154898E+00     -0.245985E-01
      9.9957   -0.0000      0.135672E+00     -0.187588E-01
      9.9957   -0.0000      0.109779E+00     -0.122003E-01
      9.9957   -0.0000      0.726598E-01     -0.530762E-02
      9.9957   -0.0000      0.381904E-01     -0.146064E-02
      9.9957   -0.0000      0.162638E-01     -0.264582E-03
      9.9957   -0.0000      0.577414E-02     -0.333418E-04
      9.9957   -0.0000      0.174639E-02     -0.304990E-05
      9.9957   -0.0000      0.456862E-03     -0.208723E-06
--------------------------  ATOM   4  -----------------------
      9.9957   -0.0000      0.470584E+00     -0.331030E+00
      9.9957   -0.0000     -0.385566E+00     -0.818338E+00
      9.9957   -0.0000      0.259674E+00     -0.727187E-01
      9.9957   -0.0000     -0.427522E+00     -0.759277E+00
      9.9957   -0.0000      0.251221E+00     -0.932305E+00
      9.9957   -0.0000      0.489225E+00     -0.603240E+00
      9.9957   -0.0000      0.477415E+00     -0.351425E+00
      9.9957   -0.0000      0.413224E+00     -0.218493E+00
      9.9957   -0.0000      0.339081E+00     -0.132544E+00
      9.9957   -0.0000      0.282272E+00     -0.872986E-01
      9.9957   -0.0000      0.238374E+00     -0.604800E-01
      9.9957   -0.0000      0.189355E+00     -0.372425E-01
      9.9957   -0.0000      0.154898E+00     -0.245986E-01
      9.9957   -0.0000      0.135672E+00     -0.187589E-01
      9.9957   -0.0000      0.109779E+00     -0.122003E-01
      9.9957   -0.0000      0.726599E-01     -0.530763E-02
      9.9957   -0.0000      0.381904E-01     -0.146064E-02
      9.9957   -0.0000      0.162638E-01     -0.264583E-03
      9.9957   -0.0000      0.577415E-02     -0.333419E-04
      9.9957   -0.0000      0.174640E-02     -0.304991E-05
      9.9957   -0.0000      0.456863E-03     -0.208724E-06
--------------------------  ATOM   5  -----------------------
      9.9957   -0.0000      0.470591E+00     -0.331050E+00
      9.9957   -0.0000     -0.385579E+00     -0.818322E+00
      9.9957   -0.0000      0.259692E+00     -0.727297E-01
      9.9957   -0.0000     -0.427536E+00     -0.759254E+00
      9.9957   -0.0000      0.251199E+00     -0.932318E+00
      9.9957   -0.0000      0.489221E+00     -0.603260E+00
      9.9957   -0.0000      0.477423E+00     -0.351449E+00
      9.9957   -0.0000      0.413238E+00     -0.218514E+00
      9.9957   -0.0000      0.339094E+00     -0.132555E+00
      9.9957   -0.0000      0.282296E+00     -0.873147E-01
      9.9957   -0.0000      0.238395E+00     -0.604915E-01
      9.9957   -0.0000      0.189368E+00     -0.372476E-01
      9.9957   -0.0000      0.154918E+00     -0.246050E-01
      9.9957   -0.0000      0.135704E+00     -0.187677E-01
      9.9957   -0.0000      0.109811E+00     -0.122074E-01
      9.9957   -0.0000      0.726817E-01     -0.531083E-02
      9.9957   -0.0000      0.382013E-01     -0.146148E-02
      9.9957   -0.0000      0.162681E-01     -0.264721E-03
      9.9957   -0.0000      0.577553E-02     -0.333578E-04
      9.9957   -0.0000      0.174678E-02     -0.305124E-05
      9.9957   -0.0000      0.456956E-03     -0.208808E-06
--------------------------  ATOM   6  -----------------------
      9.9957   -0.0000      0.470178E+00     -0.329904E+00
      9.9957   -0.0000     -0.384791E+00     -0.819274E+00
      9.9957   -0.0000      0.258613E+00     -0.720758E-01
      9.9957   -0.0000     -0.426885E+00     -0.760325E+00
      9.9957   -0.0000      0.252070E+00     -0.931811E+00
      9.9957   -0.0000      0.489500E+00     -0.601928E+00
      9.9957   -0.0000      0.477104E+00     -0.350428E+00
      9.9957   -0.0000      0.412442E+00     -0.217349E+00
      9.9957   -0.0000      0.338185E+00     -0.131719E+00
      9.9957   -0.0000      0.281172E+00     -0.865483E-01
      9.9957   -0.0000      0.236888E+00     -0.596775E-01
      9.9957   -0.0000      0.188006E+00     -0.366928E-01
      9.9957   -0.0000      0.153559E+00     -0.241641E-01
      9.9957   -0.0000      0.133871E+00     -0.182546E-01
      9.9957   -0.0000      0.107728E+00     -0.117432E-01
      9.9957   -0.0000      0.709920E-01     -0.506552E-02
      9.9957   -0.0000      0.372106E-01     -0.138655E-02
      9.9957   -0.0000      0.158211E-01     -0.250369E-03
      9.9957   -0.0000      0.561124E-02     -0.314870E-04
      9.9957   -0.0000      0.169585E-02     -0.287592E-05
      9.9957   -0.0000      0.443370E-03     -0.196577E-06
