 atom Ni   dist =   0.00000    coord    0.00000   0.00000   0.00000
   7.2889464807377011E-004   2.4045115506399647E-002
   1.4577892961475402E-003   2.4613321594579803E-002
   2.1866839442213105E-003   2.5093180225496305E-002
   2.9155785922950804E-003   2.5540007995585742E-002
   3.6444732403688503E-003   2.5971156838736163E-002
   4.3733678884426202E-003   2.6394324929218699E-002
   5.1022625365163901E-003   2.6813708789098670E-002
   5.8311571845901600E-003   2.7231826765375822E-002
   6.5600518326639299E-003   2.7650144735991391E-002
   7.2889464807376998E-003   2.8069941635493541E-002
   8.0178411288114697E-003   2.8491950844738528E-002
   8.7467357768852404E-003   2.8916835137198598E-002
   9.4756304249590112E-003   2.9345059024713335E-002
   1.0204525073032782E-002   2.9776883882194110E-002
   1.0933419721106553E-002   3.0212806104860879E-002
   1.1662314369180323E-002   3.0653065358230772E-002
   1.2391209017254094E-002   3.1097666015208893E-002
   1.3120103665327865E-002   3.1547011664442730E-002
   1.3848998313401636E-002   3.2001249139667155E-002
   1.4577892961475407E-002   3.2460510238836268E-002
   1.5306787609549177E-002   3.2924926544090974E-002
   1.6035682257622946E-002   3.3394624451640050E-002
   1.6764576905696715E-002   3.3869723139891630E-002
   1.7493471553770484E-002   3.4350332157664497E-002
   1.8222366201844253E-002   3.4836497708905984E-002
   1.8951260849918022E-002   3.5328312857221031E-002
   1.9680155497991791E-002   3.5825911154808605E-002
   2.0409050146065560E-002   3.6329362004812807E-002
   2.1137944794139329E-002   3.6838697753441937E-002
   2.1866839442213098E-002   3.7354018008239974E-002
   2.2595734090286868E-002   3.7875365355184154E-002
   2.3324628738360637E-002   3.8402768372027253E-002
   2.4053523386434406E-002   3.8936380372719973E-002
   2.4782418034508175E-002   3.9476057593467617E-002
   2.5511312682581944E-002   4.0022090142522268E-002
   2.6240207330655713E-002   4.0574318307384165E-002
   2.6969101978729482E-002   4.1132814167467696E-002
   2.7697996626803251E-002   4.1697717196858330E-002
   2.8426891274877020E-002   4.2268803894320535E-002
   2.9155785922950789E-002   4.2846452674094732E-002
   3.0613575219098330E-002   4.4020630365575637E-002
   3.2071364515245872E-002   4.5220241565192672E-002
   3.3529153811393410E-002   4.6445134604314500E-002
   3.4986943107540948E-002   4.7695220833859832E-002
   3.6444732403688486E-002   4.8970618013225976E-002
   3.7902521699836024E-002   5.0270521438107861E-002
   3.9360310995983562E-002   5.1594156861149057E-002
   4.0818100292131100E-002   5.2940402047822264E-002
   4.2275889588278638E-002   5.4310123268531747E-002
   4.3733678884426176E-002   5.5701194661286597E-002
   4.5191468180573714E-002   5.7111513739449102E-002
   4.6649257476721252E-002   5.8541924174738330E-002
   4.8107046772868790E-002   5.9989624171071163E-002
   4.9564836069016328E-002   6.1452038857963409E-002
   5.1022625365163866E-002   6.2930128316412329E-002
   5.2480414661311404E-002   6.4418343405685086E-002
   5.3938203957458943E-002   6.5918011388323552E-002
   5.5395993253606481E-002   6.7423869458882388E-002
   5.6853782549754019E-002   6.8935396166656504E-002
   5.8311571845901557E-002   7.0448654750753292E-002
   5.9769361142049095E-002   7.1961951463910781E-002
   6.1227150438196633E-002   7.3471434273717509E-002
   6.2684939734344178E-002   7.4975498798218368E-002
   6.4142729030491716E-002   7.6469504497881244E-002
   6.5600518326639254E-002   7.7952828518545764E-002
   6.7058307622786792E-002   7.9419976068083528E-002
   6.8516096918934330E-002   8.0870726848660104E-002
   6.9973886215081868E-002   8.2300330714481326E-002
   7.1431675511229406E-002   8.3707193616493231E-002
   7.2889464807376944E-002   8.5088823970192157E-002
   7.4347254103524482E-002   8.6442791462219046E-002
   7.5805043399672020E-002   8.7767065927331356E-002
   7.7262832695819558E-002   8.9060554455300797E-002
   7.8720621991967096E-002   9.0320810533597959E-002
   8.0178411288114634E-002   9.1547177314798417E-002
   8.1636200584262172E-002   9.2739744616525469E-002
   8.3093989880409710E-002   9.3895158583186908E-002
   8.4551779176557249E-002   9.5015705217077182E-002
   8.6009568472704787E-002   9.6101784180635350E-002
   8.7467357768852325E-002   9.7149229700160836E-002
   9.0382936361147401E-002   9.9144301873911905E-002
   9.3298514953442477E-002  0.10100086304856314     
   9.6214093545737553E-002  0.10273462447327984     
   9.9129672138032629E-002  0.10435381102270812     
  0.10204525073032771       0.10586854624096967     
  0.10496082932262278       0.10729919927898891     
  0.10787640791491786       0.10864736736858122     
  0.11079198650721293       0.10994028650395371     
  0.11370756509950801       0.11117376000709596     
  0.11662314369180309       0.11237584176854575     
  0.11953872228409816       0.11354148902613276     
  0.12245430087639324       0.11469525370648753     
  0.12536987946868833       0.11582978260365200     
  0.12828545806098340       0.11696752422524767     
  0.13120103665327848       0.11810219028725182     
  0.13411661524557356       0.11924961864839601     
  0.13703219383786863       0.12040784050200366     
  0.13994777243016371       0.12158457131864710     
  0.14286335102245878       0.12278353943604418     
  0.14577892961475386       0.12400464750461333     
  0.14869450820704894       0.12525487029556073     
  0.15161008679934401       0.12653332993119346     
  0.15452566539163909       0.12784331801793292     
  0.15744124398393416       0.12918665495519030     
  0.16035682257622924       0.13056468609925023     
  0.16327240116852432       0.13197760544477749     
  0.16618797976081939       0.13342788866885524     
  0.16910355835311447       0.13491659485704946     
  0.17201913694540955       0.13644159094967870     
  0.17493471553770462       0.13800728115354613     
  0.17785029412999970       0.13961343126307163     
  0.18076587272229477       0.14125635519680005     
  0.18368145131458985       0.14294146798677193     
  0.18659702990688493       0.14466958667493937     
  0.18951260849918000       0.14643408240132377     
  0.19242818709147508       0.14823891555108645     
  0.19534376568377015       0.15009200058329050     
  0.19825934427606523       0.15198020656197719     
  0.20117492286836031       0.15390575265058437     
  0.20409050146065538       0.15588117780383209     
  0.20992165864524553       0.15994214414497818     
  0.21575281582983569       0.16416872076481526     
  0.22158397301442584       0.16854176164813062     
  0.22741513019901599       0.17307857253821693     
  0.23324628738360614       0.17774640862512014     
  0.23907744456819630       0.18256698629891541     
  0.24490860175278645       0.18750069162471569     
  0.25073975893737660       0.19256517464986103     
  0.25657091612196675       0.19772218268931271     
  0.26240207330655690       0.20297551467890596     
  0.26823323049114706       0.20829781485383508     
  0.27406438767573721       0.21366997656434672     
  0.27989554486032736       0.21908289708816633     
  0.28572670204491751       0.22449559412756001     
  0.29155785922950767       0.22990520066463935     
  0.29738901641409782       0.23527253096986464     
  0.30322017359868797       0.24057623677493251     
  0.30905133078327812       0.24579491912095805     
  0.31488248796786827       0.25090430818253640     
  0.32071364515245843       0.25587206888746217     
  0.32654480233704858       0.26069043583222801     
  0.33237595952163873       0.26534317576086769     
  0.33820711670622888       0.26978359363643395     
  0.34403827389081904       0.27403904337622276     
  0.34986943107540919       0.27809573229314677     
  0.35570058825999934       0.28189728270655384     
  0.36153174544458949       0.28550745267406274     
  0.36736290262917964       0.28891665293974012     
  0.37319405981376980       0.29206664701406554     
  0.37902521699835995       0.29503881589475445     
  0.38485637418295010       0.29783583194255137     
  0.39068753136754025       0.30040945704222777     
  0.39651868855213040       0.30282228211279655     
  0.40234984573672056       0.30510334366094732     
  0.40818100292131071       0.30723151811342353     
  0.41401216010590086       0.30920301273441581     
  0.41984331729049101       0.31109164151931773     
  0.42567447447508117       0.31289853922798833     
  0.43150563165967132       0.31458126420664573     
  0.43733678884426147       0.31620142756162778     
  0.44899910321344177       0.31933163819535476     
  0.46066141758262208       0.32225685242974161     
  0.47232373195180238       0.32517242376918543     
  0.48398604632098269       0.32803114780405984     
  0.49564836069016299       0.33097965897937365     
  0.50731067505934335       0.33397933071540731     
  0.51897298942852366       0.33712100731627948     
  0.53063530379770396       0.34038882733868231     
  0.54229761816688427       0.34382210378827677     
  0.55395993253606457       0.34742798728003965     
  0.56562224690524487       0.35121253635560618     
  0.57728456127442518       0.35518560452920533     
  0.58894687564360548       0.35935922246497470     
  0.60060919001278579       0.36371956306760345     
  0.61227150438196609       0.36828790527573813     
  0.62393381875114640       0.37305399468926914     
  0.63559613312032670       0.37800607234212080     
  0.64725844748950701       0.38318507065741997     
  0.65892076185868731       0.38854599443635429     
  0.67058307622786761       0.39409239933552798     
  0.68224539059704792       0.39987637013280330     
  0.69390770496622822       0.40582861505323836     
  0.70557001933540853       0.41196717618858153     
  0.71723233370458883       0.41834214293823191     
  0.72889464807376914       0.42488118438605105     
  0.74055696244294944       0.43159712156944752     
  0.75221927681212974       0.43855793155674200     
  0.76388159118131005       0.44568051197198355     
  0.77554390555049035       0.45297519239012118     
  0.78720621991967066       0.46050018294473782     
  0.79886853428885096       0.46820491921705254     
  0.81053084865803127       0.47607696415727258     
  0.82219316302721157       0.48414832126192703     
  0.83385547739639188       0.49243496080676991     
  0.84551779176557218       0.50088501033400301     
  0.85718010613475248       0.50950800465893642     
  0.86884242050393279       0.51835376226121166     
  0.88050473487311309       0.52738258054712106     
  0.89216704924229340       0.53658007245399375     
  0.90382936361147370       0.54595408989353167     
  0.92715399234983431       0.56532700970933392     
  0.95047862108819492       0.58539507587815698     
  0.97380324982655553       0.60624780388666089     
  0.99712787856491614       0.62780433220855547     
   1.0204525073032769       0.65011505492328325     
   1.0437771360416375       0.67314202158327074     
   1.0671017647799981       0.69688603525984860     
   1.0904263935183587       0.72134962072503939     
   1.1137510222567193       0.74650516312290804     
   1.1370756509950799       0.77234814901123872     
   1.1604002797334405       0.79890063619749518     
   1.1837249084718011       0.82604238556063025     
   1.2070495372101617       0.85388947908309776     
   1.2303741659485223       0.88233171481035122     
   1.2536987946868829       0.91135031223254526     
   1.2770234234252436       0.94103429770679015     
   1.3003480521636042       0.97114842009119340     
   1.3236726809019648        1.0018418465034438     
   1.3469973096403254        1.0331303837278785     
   1.3703219383786860        1.0646674191211256     
   1.3936465671170466        1.0967614665636665     
   1.4169711958554072        1.1293672505318368     
   1.4402958245937678        1.1620505397385863     
   1.4636204533321284        1.1952186740068818     
   1.4869450820704890        1.2288121802276597     
   1.5102697108088496        1.2623621941125898     
   1.5335943395472103        1.2962422234568600     
   1.5569189682855709        1.3304670389569451     
   1.5802435970239315        1.3646365840678230     
   1.6035682257622921        1.3988518768272495     
   1.6268928545006527        1.4333432476136225     
   1.6502174832390133        1.4679529105357925     
   1.6735421119773739        1.5021372364672150     
   1.6968667407157345        1.5365439009940463     
   1.7201913694540951        1.5710721137114696     
   1.7435159981924557        1.6053280178048075     
   1.7668406269308163        1.6393358290173399     
   1.7901652556691769        1.6734448804044462     
   1.8134898844075376        1.7075611714467989     
   1.8368145131458982        1.7411935415168591     
   1.8834637706226194        1.8081153257048255     
   1.9301130280993406        1.8744259537750250     
   1.9767622855760618        1.9397499966639491     
   2.0234115430527830        2.0045249444336339     
   2.0700608005295043        2.0681367753220252     
   2.1167100580062255        2.1315177543760710     
   2.1633593154829467        2.1935356307626974     
   2.2100085729596679        2.2554718721836982     
   2.2566578304363891        2.3165248051492062     
   2.3033070879131103        2.3773152463457961     
   2.3499563453898316        2.4378517027198616     
   2.3966056028665528        2.4978527404407247     
   2.4432548603432740        2.5580345766346366     
   2.4899041178199952        2.6179004811666844     
   2.5365533752967164        2.6778831227845776     
   2.5832026327734376        2.7381751608635998     
   2.6298518902501589        2.7983180847646589     
   2.6765011477268801        2.8589319484761115     
   2.7231504052036013        2.9199520278785656     
   2.7697996626803225        2.9811381907272940     
   2.8164489201570437        3.0429214243005016     
   2.8630981776337650        3.1052319502322723     
   2.9097474351104862        3.1679035176981465     
   2.9563966925872074        3.2312286953310134     
   3.0030459500639286        3.2951721316277713     
   3.0496952075406498        3.3595718153564258     
   3.0963444650173710        3.4246131098859860     
   3.1429937224940923        3.4902833985593551     
   3.1896429799708135        3.5564554037061185     
   3.2362922374475347        3.6231850251703404     
   3.2829414949242559        3.6904405295475904     
   3.3295907524009771        3.7581727418388202     
   3.3762400098776983        3.8262695031758440     
   3.4228892673544196        3.8947440680935137     
   3.4695385248311408        3.9634822374203957     
 atom Ni   dist =   6.65184    coord    0.00000   0.00000   6.65184
   7.2889464807377011E-004   2.4071678513678016E-002
   1.4577892961475402E-003   2.4640406667537092E-002
   2.1866839442213105E-003   2.5120660108480464E-002
   2.9155785922950804E-003   2.5567814385327032E-002
   3.6444732403688503E-003   2.5999238103968196E-002
   4.3733678884426202E-003   2.6422635285739449E-002
   5.1022625365163901E-003   2.6842204145997445E-002
   5.8311571845901600E-003   2.7260462681456103E-002
   6.5600518326639299E-003   2.7678875362448271E-002
   7.2889464807376998E-003   2.8098718829613248E-002
   8.0178411288114697E-003   2.8520723752441919E-002
   8.7467357768852404E-003   2.8945549649230157E-002
   9.4756304249590112E-003   2.9373657448043582E-002
   1.0204525073032782E-002   2.9805304881469485E-002
   1.0933419721106553E-002   3.0240983739797170E-002
   1.1662314369180323E-002   3.0680929147173842E-002
   1.2391209017254094E-002   3.1125141313768829E-002
   1.3120103665327865E-002   3.1574018062550238E-002
   1.3848998313401636E-002   3.2027700806409980E-002
   1.4577892961475407E-002   3.2486315620009316E-002
   1.5306787609549177E-002   3.2949987986543930E-002
   1.6035682257622946E-002   3.3418837821935776E-002
   1.6764576905696715E-002   3.3892977424090358E-002
   1.7493471553770484E-002   3.4372509035224708E-002
   1.8222366201844253E-002   3.4857471766356396E-002
   1.8951260849918022E-002   3.5347950971233354E-002
   1.9680155497991791E-002   3.5844071240788825E-002
   2.0409050146065560E-002   3.6345892932071557E-002
   2.1137944794139329E-002   3.6853439744288570E-002
   2.1866839442213098E-002   3.7366802257131224E-002
   2.2595734090286868E-002   3.7886011770821501E-002
   2.3324628738360637E-002   3.8411086933788960E-002
   2.4053523386434406E-002   3.8942170461741664E-002
   2.4782418034508175E-002   3.9479106156345402E-002
   2.5511312682581944E-002   4.0022173163488516E-002
   2.6240207330655713E-002   4.0571198521798406E-002
   2.6969101978729482E-002   4.1126241801048909E-002
   2.7697996626803251E-002   4.1687428404948865E-002
   2.8426891274877020E-002   4.2254521738305031E-002
   2.9155785922950789E-002   4.2827884057794217E-002
   3.0613575219098330E-002   4.3992552361933279E-002
   3.2071364515245872E-002   4.5181297467752290E-002
   3.3529153811393410E-002   4.6393832692201445E-002
   3.4986943107540948E-002   4.7629924616225103E-002
   3.6444732403688486E-002   4.8889533097271190E-002
   3.7902521699836024E-002   5.0171697763282258E-002
   3.9360310995983562E-002   5.1475482539084967E-002
   4.0818100292131100E-002   5.2799604787760981E-002
   4.2275889588278638E-002   5.4144722599489020E-002
   4.3733678884426176E-002   5.5508554426857364E-002
   4.5191468180573714E-002   5.6888849911345227E-002
   4.6649257476721252E-002   5.8286223451079276E-002
   4.8107046772868790E-002   5.9697740543214292E-002
   4.9564836069016328E-002   6.1120707677170961E-002
   5.1022625365163866E-002   6.2555838569607516E-002
   5.2480414661311404E-002   6.3997598426997440E-002
   5.3938203957458943E-002   6.5447063885056930E-002
   5.5395993253606481E-002   6.6899026282491419E-002
   5.6853782549754019E-002   6.8352825162569561E-002
   5.8311571845901557E-002   6.9804578182547650E-002
   5.9769361142049095E-002   7.1252562457536084E-002
   6.1227150438196633E-002   7.2693054034345922E-002
   6.2684939734344178E-002   7.4124473358000972E-002
   6.4142729030491716E-002   7.5542467349059630E-002
   6.5600518326639254E-002   7.6946412541034459E-002
   6.7058307622786792E-002   7.8331317154944624E-002
   6.8516096918934330E-002   7.9696943399772083E-002
   6.9973886215081868E-002   8.1039143864745519E-002
   7.1431675511229406E-002   8.2356501701061527E-002
   7.2889464807376944E-002   8.3646978048859316E-002
   7.4347254103524482E-002   8.4908601026022781E-002
   7.5805043399672020E-002   8.6139604541751388E-002
   7.7262832695819558E-002   8.7339481652270637E-002
   7.8720621991967096E-002   8.8506150885027141E-002
   8.0178411288114634E-002   8.9639363854521661E-002
   8.1636200584262172E-002   9.0739618848805631E-002
   8.3093989880409710E-002   9.1804006535403118E-002
   8.4551779176557249E-002   9.2835078459548401E-002
   8.6009568472704787E-002   9.3833529697919638E-002
   8.7467357768852325E-002   9.4795708204326687E-002
   9.0382936361147401E-002   9.6627476956428218E-002
   9.3298514953442477E-002   9.8332263358586039E-002
   9.6214093545737553E-002   9.9926168305331825E-002
   9.9129672138032629E-002  0.10141789685296404     
  0.10204525073032771       0.10281760624583752     
  0.10496082932262278       0.10414438736864250     
  0.10787640791491786       0.10540010711349838     
  0.11079198650721293       0.10660953179942831     
  0.11370756509950801       0.10776902408798766     
  0.11662314369180309       0.10890373918455104     
  0.11953872228409816       0.11000916135501344     
  0.12245430087639324       0.11110711947589787     
  0.12536987946868833       0.11219102374152905     
  0.12828545806098340       0.11328073241661138     
  0.13120103665327848       0.11437062775189316     
  0.13411661524557356       0.11547466012742559     
  0.13703219383786863       0.11659107320161759     
  0.13994777243016371       0.11772663074618021     
  0.14286335102245878       0.11888461626235383     
  0.14577892961475386       0.12006496053685384     
  0.14869450820704894       0.12127376262366574     
  0.15161008679934401       0.12251035193777124     
  0.15452566539163909       0.12377757216186587     
  0.15744124398393416       0.12507706804493934     
  0.16035682257622924       0.12641018628083661     
  0.16327240116852432       0.12777697618439865     
  0.16618797976081939       0.12917979049579539     
  0.16910355835311447       0.13061965983561286     
  0.17201913694540955       0.13209463098655050     
  0.17493471553770462       0.13360883631176762     
  0.17785029412999970       0.13516214097415724     
  0.18076587272229477       0.13675123783630705     
  0.18368145131458985       0.13838120365550208     
  0.18659702990688493       0.14005290361668793     
  0.18951260849918000       0.14176037869581881     
  0.19242818709147508       0.14350740425531944     
  0.19534376568377015       0.14530140068079753     
  0.19825934427606523       0.14713046955402873     
  0.20117492286836031       0.14899682818943361     
  0.20409050146065538       0.15091222379685348     
  0.20992165864524553       0.15485452991075699     
  0.21575281582983569       0.15896452068480474     
  0.22158397301442584       0.16322651736991092     
  0.22741513019901599       0.16765920319873676     
  0.23324628738360614       0.17223457834127878     
  0.23907744456819630       0.17697640553735455     
  0.24490860175278645       0.18185036417956899     
  0.25073975893737660       0.18687750769920605     
  0.25657091612196675       0.19202471762237705     
  0.26240207330655690       0.19730075118725696     
  0.26823323049114706       0.20268294762224279     
  0.27406438767573721       0.20815761975224772     
  0.27989554486032736       0.21372100734678157     
  0.28572670204491751       0.21933500627878397     
  0.29155785922950767       0.22500462235621438     
  0.29738901641409782       0.23068964862581903     
  0.30322017359868797       0.23637378823928198     
  0.30905133078327812       0.24203719647975547     
  0.31488248796786827       0.24765143976820270     
  0.32071364515245843       0.25318878021200575     
  0.32654480233704858       0.25863286398061203     
  0.33237595952163873       0.26396178882314120     
  0.33820711670622888       0.26912956655784115     
  0.34403827389081904       0.27414809856355560     
  0.34986943107540919       0.27899620966600436     
  0.35570058825999934       0.28361316028763411     
  0.36153174544458949       0.28804722670024713     
  0.36736290262917964       0.29228056571850225     
  0.37319405981376980       0.29624648969534056     
  0.37902521699835995       0.30001706811368772     
  0.38485637418295010       0.30358784926759008     
  0.39068753136754025       0.30690078467730031     
  0.39651868855213040       0.31001580552948865     
  0.40234984573672056       0.31295924504449141     
  0.40818100292131071       0.31570330065384911     
  0.41401216010590086       0.31823967539616715     
  0.41984331729049101       0.32064919395008545     
  0.42567447447508117       0.32293154787814043     
  0.43150563165967132       0.32503475660332731     
  0.43733678884426147       0.32703093794345112     
  0.44899910321344177       0.33079405797927774     
  0.46066141758262208       0.33417867751407793     
  0.47232373195180238       0.33743258830718209     
  0.48398604632098269       0.34049703340098242     
  0.49564836069016299       0.34357121892124814     
  0.50731067505934335       0.34660351781269677     
  0.51897298942852366       0.34972794641761973     
  0.53063530379770396       0.35291859792626395     
  0.54229761816688427       0.35624285857836352     
  0.55395993253606457       0.35970654517207062     
  0.56562224690524487       0.36332497955821991     
  0.57728456127442518       0.36712032579777792     
  0.58894687564360548       0.37109333924020077     
  0.60060919001278579       0.37525071797125503     
  0.61227150438196609       0.37960629920046296     
  0.62393381875114640       0.38415433774698304     
  0.63559613312032670       0.38888878840698027     
  0.64725844748950701       0.39384326127954650     
  0.65892076185868731       0.39898073002917772     
  0.67058307622786761       0.40430484938826861     
  0.68224539059704792       0.40986264116614629     
  0.69390770496622822       0.41559079985925174     
  0.70557001933540853       0.42150627103334470     
  0.71723233370458883       0.42765667951259995     
  0.72889464807376914       0.43397213460808259     
  0.74055696244294944       0.44046502314929070     
  0.75221927681212974       0.44720262700747682     
  0.76388159118131005       0.45410155438687144     
  0.77554390555049035       0.46117207893045103     
  0.78720621991967066       0.46847353944281145     
  0.79886853428885096       0.47595336176774489     
  0.81053084865803127       0.48359864119984519     
  0.82219316302721157       0.49144278789501739     
  0.83385547739639188       0.49950203650004155     
  0.84551779176557218       0.50772124159806176     
  0.85718010613475248       0.51611036932779564     
  0.86884242050393279       0.52472330542728862     
  0.88050473487311309       0.53351610481801359     
  0.89216704924229340       0.54247286374886572     
  0.90382936361147370       0.55160203139042041     
  0.92715399234983431       0.57048415815443687     
  0.95047862108819492       0.59003836320517200     
  0.97380324982655553       0.61037058836433111     
  0.99712787856491614       0.63137815943930564     
   1.0204525073032769       0.65313069920223366     
   1.0437771360416375       0.67556764225645904     
   1.0671017647799981       0.69870717493527157     
   1.0904263935183587       0.72253491919449264     
   1.1137510222567193       0.74702982421686237     
   1.1370756509950799       0.77218798703436586     
   1.1604002797334405       0.79801414577913854     
   1.1837249084718011       0.82441866999273561     
   1.2070495372101617       0.85148248014354166     
   1.2303741659485223       0.87911327600652667     
   1.2536987946868829       0.90729328786982566     
   1.2770234234252436       0.93609024770316596     
   1.3003480521636042       0.96530138276814481     
   1.3236726809019648       0.99505116322300502     
   1.3469973096403254        1.0253486865974117     
   1.3703219383786860        1.0558888414156797     
   1.3936465671170466        1.0869392908764952     
   1.4169711958554072        1.1184567668062324     
   1.4402958245937678        1.1500541581670851     
   1.4636204533321284        1.1820921390571406     
   1.4869450820704890        1.2145151670421468     
   1.5102697108088496        1.2469019500193446     
   1.5335943395472103        1.2795876133401554     
   1.5569189682855709        1.3125837766030337     
   1.5802435970239315        1.3455292234671550     
   1.6035682257622921        1.3785164145103705     
   1.6268928545006527        1.4117527008840154     
   1.6502174832390133        1.4450953117351908     
   1.6735421119773739        1.4780539575725407     
   1.6968667407157345        1.5112158324492957     
   1.7201913694540951        1.5444899193541322     
   1.7435159981924557        1.5775203447371096     
   1.7668406269308163        1.6103313348408632     
   1.7901652556691769        1.6432401876500329     
   1.8134898844075376        1.6761624390861620     
   1.8368145131458982        1.7086542651260737     
   1.8834637706226194        1.7733579568530684     
   1.9301130280993406        1.8375536715178173     
   1.9767622855760618        1.9009089711258222     
   2.0234115430527830        1.9638235591013105     
   2.0700608005295043        2.0257436474751143     
   2.1167100580062255        2.0875132487413266     
   2.1633593154829467        2.1481030133562311     
   2.2100085729596679        2.2086701506738025     
   2.2566578304363891        2.2684792151908968     
   2.3033070879131103        2.3280855967200687     
   2.3499563453898316        2.3874855466878926     
   2.3966056028665528        2.4464098967695636     
   2.4432548603432740        2.5054984278549743     
   2.4899041178199952        2.5642792720675929     
   2.5365533752967164        2.6231333872587554     
   2.5832026327734376        2.6822191192842264     
   2.6298518902501589        2.7410894862307171     
   2.6765011477268801        2.8002998148880440     
   2.7231504052036013        2.8597643251386322     
   2.7697996626803225        2.9192285215007208     
   2.8164489201570437        2.9790743369449904     
   2.8630981776337650        3.0392021739067721     
   2.9097474351104862        3.0994147230359199     
   2.9563966925872074        3.1599656025240237     
   3.0030459500639286        3.2207761372721833     
   3.0496952075406498        3.2816448797023381     
   3.0963444650173710        3.3427121350364009     
   3.1429937224940923        3.4039318290788674     
   3.1896429799708135        3.4650943112669177     
   3.2362922374475347        3.5262358741455744     
   3.2829414949242559        3.5872583625053656     
   3.3295907524009771        3.6480641112220780     
   3.3762400098776983        3.7084494920872246     
   3.4228892673544196        3.7684186740018961     
   3.4695385248311408        3.8277718310571558     
 atom Ni   dist =  13.30367    coord    0.00000   0.00000  13.30367
   7.2889464807377011E-004   2.4071678513635036E-002
   1.4577892961475402E-003   2.4640406667489904E-002
   2.1866839442213105E-003   2.5120660108429494E-002
   2.9155785922950804E-003   2.5567814385272336E-002
   3.6444732403688503E-003   2.5999238103909722E-002
   4.3733678884426202E-003   2.6422635285677079E-002
   5.1022625365163901E-003   2.6842204145931026E-002
   5.8311571845901600E-003   2.7260462681385461E-002
   6.5600518326639299E-003   2.7678875362373206E-002
   7.2889464807376998E-003   2.8098718829533541E-002
   8.0178411288114697E-003   2.8520723752357334E-002
   8.7467357768852404E-003   2.8945549649140444E-002
   9.4756304249590112E-003   2.9373657447948474E-002
   1.0204525073032782E-002   2.9805304881368691E-002
   1.0933419721106553E-002   3.0240983739690388E-002
   1.1662314369180323E-002   3.0680929147060748E-002
   1.2391209017254094E-002   3.1125141313649088E-002
   1.3120103665327865E-002   3.1574018062423492E-002
   1.3848998313401636E-002   3.2027700806275851E-002
   1.4577892961475407E-002   3.2486315619867395E-002
   1.5306787609549177E-002   3.2949987986393807E-002
   1.6035682257622946E-002   3.3418837821777007E-002
   1.6764576905696715E-002   3.3892977423922471E-002
   1.7493471553770484E-002   3.4372509035047211E-002
   1.8222366201844253E-002   3.4857471766168775E-002
   1.8951260849918022E-002   3.5347950971035075E-002
   1.9680155497991791E-002   3.5844071240579305E-002
   2.0409050146065560E-002   3.6345892931850199E-002
   2.1137944794139329E-002   3.6853439744054743E-002
   2.1866839442213098E-002   3.7366802256884261E-002
   2.2595734090286868E-002   3.7886011770560710E-002
   2.3324628738360637E-002   3.8411086933513618E-002
   2.4053523386434406E-002   3.8942170461450994E-002
   2.4782418034508175E-002   3.9479106156038606E-002
   2.5511312682581944E-002   4.0022173163164754E-002
   2.6240207330655713E-002   4.0571198521456797E-002
   2.6969101978729482E-002   4.1126241800688530E-002
   2.7697996626803251E-002   4.1687428404568745E-002
   2.8426891274877020E-002   4.2254521737904165E-002
   2.9155785922950789E-002   4.2827884057371542E-002
   3.0613575219098330E-002   4.3992552361463627E-002
   3.2071364515245872E-002   4.5181297467230853E-002
   3.3529153811393410E-002   4.6393832691622970E-002
   3.4986943107540948E-002   4.7629924615583921E-002
   3.6444732403688486E-002   4.8889533096561098E-002
   3.7902521699836024E-002   5.0171697762501528E-002
   3.9360310995983562E-002   5.1475482538227327E-002
   4.0818100292131100E-002   5.2799604786819547E-002
   4.2275889588278638E-002   5.4144722598456332E-002
   4.3733678884426176E-002   5.5508554425725609E-002
   4.5191468180573714E-002   5.6888849910106190E-002
   4.6649257476721252E-002   5.8286223449724166E-002
   4.8107046772868790E-002   5.9697740541733990E-002
   4.9564836069016328E-002   6.1120707675556066E-002
   5.1022625365163866E-002   6.2555838567848007E-002
   5.2480414661311404E-002   6.3997598425083388E-002
   5.3938203957458943E-002   6.5447063882977788E-002
   5.5395993253606481E-002   6.6899026280236820E-002
   5.6853782549754019E-002   6.8352825160129291E-002
   5.8311571845901557E-002   6.9804578179923193E-002
   5.9769361142049095E-002   7.1252562454718379E-002
   6.1227150438196633E-002   7.2693054031326337E-002
   6.2684939734344178E-002   7.4124473354771056E-002
   6.4142729030491716E-002   7.5542467345611652E-002
   6.5600518326639254E-002   7.6946412537360911E-002
   6.7058307622786792E-002   7.8331317151039054E-002
   6.8516096918934330E-002   7.9696943395628314E-002
   6.9973886215081868E-002   8.1039143860358542E-002
   7.1431675511229406E-002   8.2356501696427040E-002
   7.2889464807376944E-002   8.3646978043973863E-002
   7.4347254103524482E-002   8.4908601020883892E-002
   7.5805043399672020E-002   8.6139604536357564E-002
   7.7262832695819558E-002   8.7339481646621114E-002
   7.8720621991967096E-002   8.8506150879122295E-002
   8.0178411288114634E-002   8.9639363848362602E-002
   8.1636200584262172E-002   9.0739618842393968E-002
   8.3093989880409710E-002   9.1804006528741933E-002
   8.4551779176557249E-002   9.2835078452642592E-002
   8.6009568472704787E-002   9.3833529690794990E-002
   8.7467357768852325E-002   9.4795708196989556E-002
   9.0382936361147401E-002   9.6627476948682151E-002
   9.3298514953442477E-002   9.8332263350456500E-002
   9.6214093545737553E-002   9.9926168296842074E-002
   9.9129672138032629E-002  0.10141789684413685     
  0.10204525073032771       0.10281760623669405     
  0.10496082932262278       0.10414438735925637     
  0.10787640791491786       0.10540010710389046     
  0.11079198650721293       0.10660953178960844     
  0.11370756509950801       0.10776902407796708     
  0.11662314369180309       0.10890373917433145     
  0.11953872228409816       0.11000916134459798     
  0.12245430087639324       0.11110711946528097     
  0.12536987946868833       0.11219102373070712     
  0.12828545806098340       0.11328073240557252     
  0.13120103665327848       0.11437062774058758     
  0.13411661524557356       0.11547466011579220     
  0.13703219383786863       0.11659107318963695     
  0.13994777243016371       0.11772663073382926     
  0.14286335102245878       0.11888461624960694     
  0.14577892961475386       0.12006496052368432     
  0.14869450820704894       0.12127376261004270     
  0.15161008679934401       0.12251035192361580     
  0.15452566539163909       0.12377757214709674     
  0.15744124398393416       0.12507706802951496     
  0.16035682257622924       0.12641018626471281     
  0.16327240116852432       0.12777697616752895     
  0.16618797976081939       0.12917979047812977     
  0.16910355835311447       0.13061965981709811     
  0.17201913694540955       0.13209463096713167     
  0.17493471553770462       0.13360883629138445     
  0.17785029412999970       0.13516214095274623     
  0.18076587272229477       0.13675123781380344     
  0.18368145131458985       0.13838120363183420     
  0.18659702990688493       0.14005290359177955     
  0.18951260849918000       0.14176037866959376     
  0.19242818709147508       0.14350740422769473     
  0.19534376568377015       0.14530140065167974     
  0.19825934427606523       0.14713046952332884     
  0.20117492286836031       0.14899682815705623     
  0.20409050146065538       0.15091222376268765     
  0.20992165864524553       0.15485452987269008     
  0.21575281582983569       0.15896452064234717     
  0.22158397301442584       0.16322651732253879     
  0.22741513019901599       0.16765920314616978     
  0.23324628738360614       0.17223457828306252     
  0.23907744456819630       0.17697640547283724     
  0.24490860175278645       0.18185036410822378     
  0.25073975893737660       0.18687750762072675     
  0.25657091612196675       0.19202471753605496     
  0.26240207330655690       0.19730075109228157     
  0.26823323049114706       0.20268294751774907     
  0.27406438767573721       0.20815761963691357     
  0.27989554486032736       0.21372100721911064     
  0.28572670204491751       0.21933500613756116     
  0.29155785922950767       0.22500462219962045     
  0.29738901641409782       0.23068964845184725     
  0.30322017359868797       0.23637378804627415     
  0.30905133078327812       0.24203719626596332     
  0.31488248796786827       0.24765143953182750     
  0.32071364515245843       0.25318877995004019     
  0.32654480233704858       0.25863286369058736     
  0.33237595952163873       0.26396178850299429     
  0.33820711670622888       0.26912956620520345     
  0.34403827389081904       0.27414809817496749     
  0.34986943107540919       0.27899620923950730     
  0.35570058825999934       0.28361315982178070     
  0.36153174544458949       0.28804722619347378     
  0.36736290262917964       0.29228056516956324     
  0.37319405981376980       0.29624648910375762     
  0.37902521699835995       0.30001706747872647     
  0.38485637418295010       0.30358784858882781     
  0.39068753136754025       0.30690078395515669     
  0.39651868855213040       0.31001580476418283     
  0.40234984573672056       0.31295924423628818     
  0.40818100292131071       0.31570329980360307     
  0.41401216010590086       0.31823967450742047     
  0.41984331729049101       0.32064919302434930     
  0.42567447447508117       0.32293154691630066     
  0.43150563165967132       0.32503475560787104     
  0.43733678884426147       0.32703093691768143     
  0.44899910321344177       0.33079405689485614     
  0.46066141758262208       0.33417867637613696     
  0.47232373195180238       0.33743258712025398     
  0.48398604632098269       0.34049703217008792     
  0.49564836069016299       0.34357121764511062     
  0.50731067505934335       0.34660351648575055     
  0.51897298942852366       0.34972794502958632     
  0.53063530379770396       0.35291859646688079     
  0.54229761816688427       0.35624285703774561     
  0.55395993253606457       0.35970654354273313     
  0.56562224690524487       0.36332497783234463     
  0.57728456127442518       0.36712032396700900     
  0.58894687564360548       0.37109333729599447     
  0.60060919001278579       0.37525071590777775     
  0.61227150438196609       0.37960629701347820     
  0.62393381875114640       0.38415433543181449     
  0.63559613312032670       0.38888878595566373     
  0.64725844748950701       0.39384325867597908     
  0.65892076185868731       0.39898072725175243     
  0.67058307622786761       0.40430484641226261     
  0.68224539059704792       0.40986263796634637     
  0.69390770496622822       0.41559079634544138     
  0.70557001933540853       0.42150626723749873     
  0.71723233370458883       0.42765667539638275     
  0.72889464807376914       0.43397213013540270     
  0.74055696244294944       0.44046501828553947     
  0.75221927681212974       0.44720262171245745     
  0.76388159118131005       0.45410154862138996     
  0.77554390555049035       0.46117207265220356     
  0.78720621991967066       0.46847353260318425     
  0.79886853428885096       0.47595335431770808     
  0.81053084865803127       0.48359863309916273     
  0.82219316302721157       0.49144277909382494     
  0.83385547739639188       0.49950202693972762     
  0.84551779176557218       0.50772123122689361     
  0.85718010613475248       0.51611035808877648     
  0.86884242050393279       0.52472329324418188     
  0.88050473487311309       0.53351609160544322     
  0.89216704924229340       0.54247284941386498     
  0.90382936361147370       0.55160201581408574     
  0.92715399234983431       0.57048413970628464     
  0.95047862108819492       0.59003834133575184     
  0.97380324982655553       0.61037056241084509     
  0.99712787856491614       0.63137812866397958     
   1.0204525073032769       0.65313066274176479     
   1.0437771360416375       0.67556759893449958     
   1.0671017647799981       0.69870712338101226     
   1.0904263935183587       0.72253485780375026     
   1.1137510222567193       0.74702975105752112     
   1.1370756509950799       0.77218789995097925     
   1.1604002797334405       0.79801404228900052     
   1.1837249084718011       0.82441854736693121     
   1.2070495372101617       0.85148233531883466     
   1.2303741659485223       0.87911310557088107     
   1.2536987946868829       0.90729308775246220     
   1.2770234234252436       0.93609001282685955     
   1.3003480521636042       0.96530110729554930     
   1.3236726809019648       0.99505084055714255     
   1.3469973096403254        1.0253483091866682     
   1.3703219383786860        1.0558884013165908     
   1.3936465671170466        1.0869387787845801     
   1.4169711958554072        1.1184561684079777     
   1.4402958245937678        1.1500534641403974     
   1.4636204533321284        1.1820913349721049     
   1.4869450820704890        1.2145142363755388     
   1.5102697108088496        1.2469008760841993     
   1.5335943395472103        1.2795863765135977     
   1.5569189682855709        1.3125823552889915     
   1.5802435970239315        1.3455275958259614     
   1.6035682257622921        1.3785145559931880     
   1.6268928545006527        1.4117505820939555     
   1.6502174832390133        1.4450929002970585     
   1.6735421119773739        1.4780512206930623     
   1.6968667407157345        1.5112127306317131     
   1.7201913694540951        1.5444864098114288     
   1.7435159981924557        1.5775163845940567     
   1.7668406269308163        1.6103268778899413     
   1.7901652556691769        1.6432351769974987     
   1.8134898844075376        1.6761568144686732     
   1.8368145131458982        1.7086479661564578     
   1.8834637706226194        1.7733500916145133     
   1.9301130280993406        1.8375439193078702     
   1.9767622855760618        1.9008969776844207     
   2.0234115430527830        1.9638088888879810     
   2.0700608005295043        2.0257257986090487     
   2.1167100580062255        2.0874916240582220     
   2.1633593154829467        2.1480769758138094     
   2.2100085729596679        2.2086388913175115     
   2.2566578304363891        2.2684418348832840     
   2.3033070879131103        2.3280410461968302     
   2.3499563453898316        2.3874326437540492     
   2.3966056028665528        2.4463472868517644     
   2.4432548603432740        2.5054244710203539     
   2.4899041178199952        2.5641921440564119     
   2.5365533752967164        2.6230309433389789     
   2.5832026327734376        2.6820988563275452     
   2.6298518902501589        2.7409486285452940     
   2.6765011477268801        2.8001350619297605     
   2.7231504052036013        2.8595719255617178     
   2.7697996626803225        2.9190042394366822     
   2.8164489201570437        2.9788132029992420     
   2.8630981776337650        3.0388984945705042     
   2.9097474351104862        3.0990620538767470     
   2.9563966925872074        3.1595564623987156     
   3.0030459500639286        3.2203021410226653     
   3.0496952075406498        3.2810963088466467     
   3.0963444650173710        3.3420781702467810     
   3.1429937224940923        3.4031998849002449     
   3.1896429799708135        3.4642506180664330     
   3.2362922374475347        3.5252643871659735     
   3.2829414949242559        3.5861413872707768     
   3.3295907524009771        3.6467814640051719     
   3.3762400098776983        3.7069791988760028     
   3.4228892673544196        3.7667355851211131     
   3.4695385248311408        3.8258487459506361     
 atom Ni   dist =  19.95551    coord    0.00000   0.00000  19.95551
   7.2889464807377011E-004   2.4071678513635016E-002
   1.4577892961475402E-003   2.4640406667489883E-002
   2.1866839442213105E-003   2.5120660108429470E-002
   2.9155785922950804E-003   2.5567814385272312E-002
   3.6444732403688503E-003   2.5999238103909694E-002
   4.3733678884426202E-003   2.6422635285677051E-002
   5.1022625365163901E-003   2.6842204145930994E-002
   5.8311571845901600E-003   2.7260462681385426E-002
   6.5600518326639299E-003   2.7678875362373172E-002
   7.2889464807376998E-003   2.8098718829533503E-002
   8.0178411288114697E-003   2.8520723752357296E-002
   8.7467357768852404E-003   2.8945549649140402E-002
   9.4756304249590112E-003   2.9373657447948429E-002
   1.0204525073032782E-002   2.9805304881368642E-002
   1.0933419721106553E-002   3.0240983739690339E-002
   1.1662314369180323E-002   3.0680929147060693E-002
   1.2391209017254094E-002   3.1125141313649032E-002
   1.3120103665327865E-002   3.1574018062423437E-002
   1.3848998313401636E-002   3.2027700806275788E-002
   1.4577892961475407E-002   3.2486315619867333E-002
   1.5306787609549177E-002   3.2949987986393738E-002
   1.6035682257622946E-002   3.3418837821776938E-002
   1.6764576905696715E-002   3.3892977423922395E-002
   1.7493471553770484E-002   3.4372509035047127E-002
   1.8222366201844253E-002   3.4857471766168685E-002
   1.8951260849918022E-002   3.5347950971034978E-002
   1.9680155497991791E-002   3.5844071240579208E-002
   2.0409050146065560E-002   3.6345892931850095E-002
   2.1137944794139329E-002   3.6853439744054632E-002
   2.1866839442213098E-002   3.7366802256884150E-002
   2.2595734090286868E-002   3.7886011770560592E-002
   2.3324628738360637E-002   3.8411086933513486E-002
   2.4053523386434406E-002   3.8942170461450855E-002
   2.4782418034508175E-002   3.9479106156038467E-002
   2.5511312682581944E-002   4.0022173163164608E-002
   2.6240207330655713E-002   4.0571198521456638E-002
   2.6969101978729482E-002   4.1126241800688364E-002
   2.7697996626803251E-002   4.1687428404568565E-002
   2.8426891274877020E-002   4.2254521737903977E-002
   2.9155785922950789E-002   4.2827884057371347E-002
   3.0613575219098330E-002   4.3992552361463412E-002
   3.2071364515245872E-002   4.5181297467230611E-002
   3.3529153811393410E-002   4.6393832691622700E-002
   3.4986943107540948E-002   4.7629924615583623E-002
   3.6444732403688486E-002   4.8889533096560772E-002
   3.7902521699836024E-002   5.0171697762501175E-002
   3.9360310995983562E-002   5.1475482538226931E-002
   4.0818100292131100E-002   5.2799604786819103E-002
   4.2275889588278638E-002   5.4144722598455854E-002
   4.3733678884426176E-002   5.5508554425725075E-002
   4.5191468180573714E-002   5.6888849910105607E-002
   4.6649257476721252E-002   5.8286223449723527E-002
   4.8107046772868790E-002   5.9697740541733282E-002
   4.9564836069016328E-002   6.1120707675555302E-002
   5.1022625365163866E-002   6.2555838567847175E-002
   5.2480414661311404E-002   6.3997598425082472E-002
   5.3938203957458943E-002   6.5447063882976803E-002
   5.5395993253606481E-002   6.6899026280235765E-002
   5.6853782549754019E-002   6.8352825160128139E-002
   5.8311571845901557E-002   6.9804578179921944E-002
   5.9769361142049095E-002   7.1252562454717033E-002
   6.1227150438196633E-002   7.2693054031324894E-002
   6.2684939734344178E-002   7.4124473354769502E-002
   6.4142729030491716E-002   7.5542467345609987E-002
   6.5600518326639254E-002   7.6946412537359135E-002
   6.7058307622786792E-002   7.8331317151037166E-002
   6.8516096918934330E-002   7.9696943395626316E-002
   6.9973886215081868E-002   8.1039143860356433E-002
   7.1431675511229406E-002   8.2356501696424791E-002
   7.2889464807376944E-002   8.3646978043971490E-002
   7.4347254103524482E-002   8.4908601020881408E-002
   7.5805043399672020E-002   8.6139604536354955E-002
   7.7262832695819558E-002   8.7339481646618380E-002
   7.8720621991967096E-002   8.8506150879119450E-002
   8.0178411288114634E-002   8.9639363848359646E-002
   8.1636200584262172E-002   9.0739618842390901E-002
   8.3093989880409710E-002   9.1804006528738755E-002
   8.4551779176557249E-002   9.2835078452639302E-002
   8.6009568472704787E-002   9.3833529690791714E-002
   8.7467357768852325E-002   9.4795708196986295E-002
   9.0382936361147401E-002   9.6627476948678945E-002
   9.3298514953442477E-002   9.8332263350453378E-002
   9.6214093545737553E-002   9.9926168296839077E-002
   9.9129672138032629E-002  0.10141789684413402     
  0.10204525073032771       0.10281760623669142     
  0.10496082932262278       0.10414438735925419     
  0.10787640791491786       0.10540010710388879     
  0.11079198650721293       0.10660953178960732     
  0.11370756509950801       0.10776902407796653     
  0.11662314369180309       0.10890373917433152     
  0.11953872228409816       0.11000916134459869     
  0.12245430087639324       0.11110711946528234     
  0.12536987946868833       0.11219102373070920     
  0.12828545806098340       0.11328073240557532     
  0.13120103665327848       0.11437062774059113     
  0.13411661524557356       0.11547466011579656     
  0.13703219383786863       0.11659107318964214     
  0.13994777243016371       0.11772663073383531     
  0.14286335102245878       0.11888461624961394     
  0.14577892961475386       0.12006496052369225     
  0.14869450820704894       0.12127376261005166     
  0.15161008679934401       0.12251035192362582     
  0.15452566539163909       0.12377757214710788     
  0.15744124398393416       0.12507706802952731     
  0.16035682257622924       0.12641018626472639     
  0.16327240116852432       0.12777697616754385     
  0.16618797976081939       0.12917979047814609     
  0.16910355835311447       0.13061965981711590     
  0.17201913694540955       0.13209463096715104     
  0.17493471553770462       0.13360883629140552     
  0.17785029412999970       0.13516214095276907     
  0.18076587272229477       0.13675123781382820     
  0.18368145131458985       0.13838120363186096     
  0.18659702990688493       0.14005290359180844     
  0.18951260849918000       0.14176037866962496     
  0.19242818709147508       0.14350740422772834     
  0.19534376568377015       0.14530140065171593     
  0.19825934427606523       0.14713046952336778     
  0.20117492286836031       0.14899682815709811     
  0.20409050146065538       0.15091222376273264     
  0.20992165864524553       0.15485452987274190     
  0.21575281582983569       0.15896452064240676     
  0.22158397301442584       0.16322651732260712     
  0.22741513019901599       0.16765920314624799     
  0.23324628738360614       0.17223457828315183     
  0.23907744456819630       0.17697640547293908     
  0.24490860175278645       0.18185036410833957     
  0.25073975893737660       0.18687750762085822     
  0.25657091612196675       0.19202471753620384     
  0.26240207330655690       0.19730075109244982     
  0.26823323049114706       0.20268294751793867     
  0.27406438767573721       0.20815761963712504     
  0.27989554486032736       0.21372100721934431     
  0.28572670204491751       0.21933500613781862     
  0.29155785922950767       0.22500462219990155     
  0.29738901641409782       0.23068964845215104     
  0.30322017359868797       0.23637378804660136     
  0.30905133078327812       0.24203719626631465     
  0.31488248796786827       0.24765143953220342     
  0.32071364515245843       0.25318877995044087     
  0.32654480233704858       0.25863286369101290     
  0.33237595952163873       0.26396178850344437     
  0.33820711670622888       0.26912956620567746     
  0.34403827389081904       0.27414809817546476     
  0.34986943107540919       0.27899620924002694     
  0.35570058825999934       0.28361315982232121     
  0.36153174544458949       0.28804722619403389     
  0.36736290262917964       0.29228056517014162     
  0.37319405981376980       0.29624648910435225     
  0.37902521699835995       0.30001706747933587     
  0.38485637418295010       0.30358784858945048     
  0.39068753136754025       0.30690078395579068     
  0.39651868855213040       0.31001580476482665     
  0.40234984573672056       0.31295924423694066     
  0.40818100292131071       0.31570329980426293     
  0.41401216010590086       0.31823967450808627     
  0.41984331729049101       0.32064919302502048     
  0.42567447447508117       0.32293154691697673     
  0.43150563165967132       0.32503475560855105     
  0.43733678884426147       0.32703093691836538     
  0.44899910321344177       0.33079405689554847     
  0.46066141758262208       0.33417867637684484     
  0.47232373195180238       0.33743258712099938     
  0.48398604632098269       0.34049703217089300     
  0.49564836069016299       0.34357121764598775     
  0.50731067505934335       0.34660351648670457     
  0.51897298942852366       0.34972794503062321     
  0.53063530379770396       0.35291859646800611     
  0.54229761816688427       0.35624285703896541     
  0.55395993253606457       0.35970654354405357     
  0.56562224690524487       0.36332497783377204     
  0.57728456127442518       0.36712032396854993     
  0.58894687564360548       0.37109333729765559     
  0.60060919001278579       0.37525071590956577     
  0.61227150438196609       0.37960629701540016     
  0.62393381875114640       0.38415433543387723     
  0.63559613312032670       0.38888878595787379     
  0.64725844748950701       0.39384325867833486     
  0.65892076185868731       0.39898072725423411     
  0.67058307622786761       0.40430484641484793     
  0.68224539059704792       0.40986263796902972     
  0.69390770496622822       0.41559079634822549     
  0.70557001933540853       0.42150626724038737     
  0.71723233370458883       0.42765667539938196     
  0.72889464807376914       0.43397213013851771     
  0.74055696244294944       0.44046501828877704     
  0.75221927681212974       0.44720262171582764     
  0.76388159118131005       0.45410154862490199     
  0.77554390555049035       0.46117207265586907     
  0.78720621991967066       0.46847353260701857     
  0.79886853428885096       0.47595335432172758     
  0.81053084865803127       0.48359863310338619     
  0.82219316302721157       0.49144277909827561     
  0.83385547739639188       0.49950202694445045     
  0.84551779176557218       0.50772123123197233     
  0.85718010613475248       0.51611035809430661     
  0.86884242050393279       0.52472329325023581     
  0.88050473487311309       0.53351609161207636     
  0.89216704924229340       0.54247284942113549     
  0.90382936361147370       0.55160201582205548     
  0.92715399234983431       0.57048413971585843     
  0.95047862108819492       0.59003834134721667     
  0.97380324982655553       0.61037056242452115     
  0.99712787856491614       0.63137812868019993     
   1.0204525073032769       0.65313066276084053     
   1.0437771360416375       0.67556759895633467     
   1.0671017647799981       0.69870712340564067     
   1.0904263935183587       0.72253485783145022     
   1.1137510222567193       0.74702975108862912     
   1.1370756509950799       0.77218789998591297     
   1.1604002797334405       0.79801404232828665     
   1.1837249084718011       0.82441854741121812     
   1.2070495372101617       0.85148233536906703     
   1.2303741659485223       0.87911310562919476     
   1.2536987946868829       0.90729308782092855     
   1.2770234234252436       0.93609001290725202     
   1.3003480521636042       0.96530110738973296     
   1.3236726809019648       0.99505084066716776     
   1.3469973096403254        1.0253483093147173     
   1.3703219383786860        1.0558884014647754     
   1.3936465671170466        1.0869387789549450     
   1.4169711958554072        1.1184561685888108     
   1.4402958245937678        1.1500534643437312     
   1.4636204533321284        1.1820913352003029     
   1.4869450820704890        1.2145142366312516     
   1.5102697108088496        1.2469008763700735     
   1.5335943395472103        1.2795863768329676     
   1.5569189682855709        1.3125823556457037     
   1.5802435970239315        1.3455275962245106     
   1.6035682257622921        1.3785145564417547     
   1.6268928545006527        1.4117505825984642     
   1.6502174832390133        1.4450929008636122     
   1.6735421119773739        1.4780512213272563     
   1.6968667407157345        1.5112127313403050     
   1.7201913694540951        1.5444864106012839     
   1.7435159981924557        1.5775163854714360     
   1.7668406269308163        1.6103268788602063     
   1.7901652556691769        1.6432351780612315     
   1.8134898844075376        1.6761568156323896     
   1.8368145131458982        1.7086479674260546     
   1.8834637706226194        1.7733500931192709     
   1.9301130280993406        1.8375439210848741     
   1.9767622855760618        1.9008969797919746     
   2.0234115430527830        1.9638088913933254     
   2.0700608005295043        2.0257258015694237     
   2.1167100580062255        2.0874916275360613     
   2.1633593154829467        2.1480769798434403     
   2.2100085729596679        2.2086388959455041     
   2.2566578304363891        2.2684418401769002     
   2.3033070879131103        2.3280410522435040     
   2.3499563453898316        2.3874326506878991     
   2.3966056028665528        2.4463472948157188     
   2.4432548603432740        2.5054244801500967     
   2.4899041178199952        2.5641921544839623     
   2.5365533752967164        2.6230309551657212     
   2.5832026327734376        2.6820988696726746     
   2.6298518902501589        2.7409486435727288     
   2.6765011477268801        2.8001350788471222     
   2.7231504052036013        2.8595719446610111     
   2.7697996626803225        2.9190042610271414     
   2.8164489201570437        2.9788132273794470     
   2.8630981776337650        3.0388985220480533     
   2.9097474351104862        3.0990620846974752     
   2.9563966925872074        3.1595564968528924     
   3.0030459500639286        3.2203021794994031     
   3.0496952075406498        3.2810963517886367     
   3.0963444650173710        3.3420782182556268     
   3.1429937224940923        3.4031999386201193     
   3.1896429799708135        3.4642506780963496     
   3.2362922374475347        3.5252644541287452     
   3.2829414949242559        3.5861414616945435     
   3.3295907524009771        3.6467815464711144     
   3.3762400098776983        3.7069792901118133     
   3.4228892673544196        3.7667356859504277     
   3.4695385248311408        3.8258488574047704     
 atom Ni   dist =  26.60734    coord    0.00000   0.00000  26.60734
   7.2889464807377011E-004   2.4071678513647610E-002
   1.4577892961475402E-003   2.4640406667503705E-002
   2.1866839442213105E-003   2.5120660108444402E-002
   2.9155785922950804E-003   2.5567814385288337E-002
   3.6444732403688503E-003   2.5999238103926830E-002
   4.3733678884426202E-003   2.6422635285695325E-002
   5.1022625365163901E-003   2.6842204145950458E-002
   5.8311571845901600E-003   2.7260462681406129E-002
   6.5600518326639299E-003   2.7678875362395172E-002
   7.2889464807376998E-003   2.8098718829556866E-002
   8.0178411288114697E-003   2.8520723752382088E-002
   8.7467357768852404E-003   2.8945549649166704E-002
   9.4756304249590112E-003   2.9373657447976313E-002
   1.0204525073032782E-002   2.9805304881398199E-002
   1.0933419721106553E-002   3.0240983739721655E-002
   1.1662314369180323E-002   3.0680929147093864E-002
   1.2391209017254094E-002   3.1125141313684157E-002
   1.3120103665327865E-002   3.1574018062460615E-002
   1.3848998313401636E-002   3.2027700806315146E-002
   1.4577892961475407E-002   3.2486315619908980E-002
   1.5306787609549177E-002   3.2949987986437800E-002
   1.6035682257622946E-002   3.3418837821823547E-002
   1.6764576905696715E-002   3.3892977423971689E-002
   1.7493471553770484E-002   3.4372509035099259E-002
   1.8222366201844253E-002   3.4857471766223801E-002
   1.8951260849918022E-002   3.5347950971093237E-002
   1.9680155497991791E-002   3.5844071240640783E-002
   2.0409050146065560E-002   3.6345892931915161E-002
   2.1137944794139329E-002   3.6853439744123383E-002
   2.1866839442213098E-002   3.7366802256956780E-002
   2.2595734090286868E-002   3.7886011770637308E-002
   2.3324628738360637E-002   3.8411086933594504E-002
   2.4053523386434406E-002   3.8942170461536411E-002
   2.4782418034508175E-002   3.9479106156128790E-002
   2.5511312682581944E-002   4.0022173163259948E-002
   2.6240207330655713E-002   4.0571198521557272E-002
   2.6969101978729482E-002   4.1126241800794557E-002
   2.7697996626803251E-002   4.1687428404680614E-002
   2.8426891274877020E-002   4.2254521738022181E-002
   2.9155785922950789E-002   4.2827884057496018E-002
   3.0613575219098330E-002   4.3992552361602037E-002
   3.2071364515245872E-002   4.5181297467384633E-002
   3.3529153811393410E-002   4.6393832691793709E-002
   3.4986943107540948E-002   4.7629924615773325E-002
   3.6444732403688486E-002   4.8889533096771028E-002
   3.7902521699836024E-002   5.0171697762734016E-002
   3.9360310995983562E-002   5.1475482538484517E-002
   4.0818100292131100E-002   5.2799604787103757E-002
   4.2275889588278638E-002   5.4144722598770088E-002
   4.3733678884426176E-002   5.5508554426071555E-002
   4.5191468180573714E-002   5.6888849910487142E-002
   4.6649257476721252E-002   5.8286223450143129E-002
   4.8107046772868790E-002   5.9697740542194115E-002
   4.9564836069016328E-002   6.1120707676060614E-002
   5.1022625365163866E-002   6.2555838568400454E-002
   5.2480414661311404E-002   6.3997598425687224E-002
   5.3938203957458943E-002   6.5447063883636719E-002
   5.5395993253606481E-002   6.6899026280954524E-002
   5.6853782549754019E-002   6.8352825160909583E-002
   5.8311571845901557E-002   6.9804578180769794E-002
   5.9769361142049095E-002   7.1252562455635104E-002
   6.1227150438196633E-002   7.2693054032316878E-002
   6.2684939734344178E-002   7.4124473355839091E-002
   6.4142729030491716E-002   7.5542467346760608E-002
   6.5600518326639254E-002   7.6946412538594203E-002
   6.7058307622786792E-002   7.8331317152359733E-002
   6.8516096918934330E-002   7.9696943397039338E-002
   6.9973886215081868E-002   8.1039143861862464E-002
   7.1431675511229406E-002   8.2356501698026163E-002
   7.2889464807376944E-002   8.3646978045670173E-002
   7.4347254103524482E-002   8.4908601022679012E-002
   7.5805043399672020E-002   8.6139604538252729E-002
   7.7262832695819558E-002   8.7339481648617268E-002
   7.8720621991967096E-002   8.8506150881219922E-002
   8.0178411288114634E-002   8.9639363850561857E-002
   8.1636200584262172E-002   9.0739618844694794E-002
   8.3093989880409710E-002   9.1804006531143650E-002
   8.4551779176557249E-002   9.2835078455142661E-002
   8.6009568472704787E-002   9.3833529693370096E-002
   8.7467357768852325E-002   9.4795708199636897E-002
   9.0382936361147401E-002   9.6627476951466534E-002
   9.3298514953442477E-002   9.8332263353366367E-002
   9.6214093545737553E-002   9.9926168299866489E-002
   9.9129672138032629E-002  0.10141789684726488     
  0.10204525073032771       0.10281760623991515     
  0.10496082932262278       0.10414438736250395     
  0.10787640791491786       0.10540010710715071     
  0.11079198650721293       0.10660953179287287     
  0.11370756509950801       0.10776902408122678     
  0.11662314369180309       0.10890373917758059     
  0.11953872228409816       0.11000916134783016     
  0.12245430087639324       0.11110711946849236     
  0.12536987946868833       0.11219102373389307     
  0.12828545806098340       0.11328073240873053     
  0.13120103665327848       0.11437062774371443     
  0.13411661524557356       0.11547466011888605     
  0.13703219383786863       0.11659107319269559     
  0.13994777243016371       0.11772663073685097     
  0.14286335102245878       0.11888461625259017     
  0.14577892961475386       0.12006496052662716     
  0.14869450820704894       0.12127376261294365     
  0.15161008679934401       0.12251035192647296     
  0.15452566539163909       0.12377757214990819     
  0.15744124398393416       0.12507706803227858     
  0.16035682257622924       0.12641018626742626     
  0.16327240116852432       0.12777697617018949     
  0.16618797976081939       0.12917979048073452     
  0.16910355835311447       0.13061965981964382     
  0.17201913694540955       0.13209463096961455     
  0.17493471553770462       0.13360883629380058     
  0.17785029412999970       0.13516214095509119     
  0.18076587272229477       0.13675123781607207     
  0.18368145131458985       0.13838120363402126     
  0.18659702990688493       0.14005290359387923     
  0.18951260849918000       0.14176037867159941     
  0.19242818709147508       0.14350740422959932     
  0.19534376568377015       0.14530140065347605     
  0.19825934427606523       0.14713046952500844     
  0.20117492286836031       0.14899682815861015     
  0.20409050146065538       0.15091222376410679     
  0.20992165864524553       0.15485452987380816     
  0.21575281582983569       0.15896452064311822     
  0.22158397301442584       0.16322651732291069     
  0.22741513019901599       0.16765920314608465     
  0.23324628738360614       0.17223457828245659     
  0.23907744456819630       0.17697640547164079     
  0.24490860175278645       0.18185036410636246     
  0.25073975893737660       0.18687750761812097     
  0.25657091612196675       0.19202471753262318     
  0.26240207330655690       0.19730075108793974     
  0.26823323049114706       0.20268294751241495     
  0.27406438767573721       0.20815761963088988     
  0.27989554486032736       0.21372100721277357     
  0.28572670204491751       0.21933500613098569     
  0.29155785922950767       0.22500462219335560     
  0.29738901641409782       0.23068964844662060     
  0.30322017359868797       0.23637378804239542     
  0.30905133078327812       0.24203719626377554     
  0.31488248796786827       0.24765143953170488     
  0.32071364515245843       0.25318877995238337     
  0.32654480233704858       0.25863286369581867     
  0.33237595952163873       0.26396178851155105     
  0.33820711670622888       0.26912956621752598     
  0.34403827389081904       0.27414809819149849     
  0.34986943107540919       0.27899620926067908     
  0.35570058825999934       0.28361315984799013     
  0.36153174544458949       0.28804722622510731     
  0.36736290262917964       0.29228056520697049     
  0.37319405981376980       0.29624648914721191     
  0.37902521699835995       0.30001706752849111     
  0.38485637418295010       0.30358784864511640     
  0.39068753136754025       0.30690078401808368     
  0.39651868855213040       0.31001580483384777     
  0.40234984573672056       0.31295924431275896     
  0.40818100292131071       0.31570329988686502     
  0.41401216010590086       0.31823967459738822     
  0.41984331729049101       0.32064919312097140     
  0.42567447447508117       0.32293154701947940     
  0.43150563165967132       0.32503475571739227     
  0.43733678884426147       0.32703093703337655     
  0.44899910321344177       0.33079405702237025     
  0.46066141758262208       0.33417867651290101     
  0.47232373195180238       0.33743258726098663     
  0.48398604632098269       0.34049703230919104     
  0.49564836069016299       0.34357121778011168     
  0.50731067505934335       0.34660351661572963     
  0.51897298942852366       0.34972794515393224     
  0.53063530379770396       0.35291859658504021     
  0.54229761816688427       0.35624285714935355     
  0.55395993253606457       0.35970654364752341     
  0.56562224690524487       0.36332497793016583     
  0.57728456127442518       0.36712032405783557     
  0.58894687564360548       0.37109333737991329     
  0.60060919001278579       0.37525071598500886     
  0.61227150438196609       0.37960629708439786     
  0.62393381875114640       0.38415433549696276     
  0.63559613312032670       0.38888878601577592     
  0.64725844748950701       0.39384325873411741     
  0.65892076185868731       0.39898072731535328     
  0.67058307622786761       0.40430484648954773     
  0.68224539059704792       0.40986263806209705     
  0.69390770496622822       0.41559079646232761     
  0.70557001933540853       0.42150626737827951     
  0.71723233370458883       0.42765667556396375     
  0.72889464807376914       0.43397213033266213     
  0.74055696244294944       0.44046501851541714     
  0.75221927681212974       0.44720262197807970     
  0.76388159118131005       0.45410154892572335     
  0.77554390555049035       0.46117207299820578     
  0.78720621991967066       0.46847353299394151     
  0.79886853428885096       0.47595335475606032     
  0.81053084865803127       0.48359863358773680     
  0.82219316302721157       0.49144277963515481     
  0.83385547739639188       0.49950202753197770     
  0.84551779176557218       0.50772123185894202     
  0.85718010613475248       0.51611035874746214     
  0.86884242050393279       0.52472329392353323     
  0.88050473487311309       0.53351609230367314     
  0.89216704924229340       0.54247285012917390     
  0.90382936361147370       0.55160201654484076     
  0.92715399234983431       0.57048414046443430     
  0.95047862108819492       0.59003834211806216     
  0.97380324982655553       0.61037056321898853     
  0.99712787856491614       0.63137812950586947     
   1.0204525073032769       0.65313066364559258     
   1.0437771360416375       0.67556760003882166     
   1.0671017647799981       0.69870712481189312     
   1.0904263935183587       0.72253485964780606     
   1.1137510222567193       0.74702975340852118     
   1.1370756509950799       0.77218790290791017     
   1.1604002797334405       0.79801404595314540     
   1.1837249084718011       0.82441855183558188     
   1.2070495372101617       0.85148234065817807     
   1.2303741659485223       0.87911311159351413     
   1.2536987946868829       0.90729309432658578     
   1.2770234234252436       0.93609001994587282     
   1.3003480521636042       0.96530111495944271     
   1.3236726809019648       0.99505084879093197     
   1.3469973096403254        1.0253483180481764     
   1.3703219383786860        1.0558884108989630     
   1.3936465671170466        1.0869387893088533     
   1.4169711958554072        1.1184561834624234     
   1.4402958245937678        1.1500534816307340     
   1.4636204533321284        1.1820913552777657     
   1.4869450820704890        1.2145142598944860     
   1.5102697108088496        1.2469009031937457     
   1.5335943395472103        1.2795864076194241     
   1.5569189682855709        1.3125823907939413     
   1.5802435970239315        1.3455276359577124     
   1.6035682257622921        1.3785146002189141     
   1.6268928545006527        1.4117506306537795     
   1.6502174832390133        1.4450929534625756     
   1.6735421119773739        1.4780512787228679     
   1.6968667407157345        1.5112127939492510     
   1.7201913694540951        1.5444864789283768     
   1.7435159981924557        1.5775164600786404     
   1.7668406269308163        1.6103269606619761     
   1.7901652556691769        1.6432352695026848     
   1.8134898844075376        1.6761569178707592     
   1.8368145131458982        1.7086480815248795     
   1.8834637706226194        1.7733502343317424     
   1.9301130280993406        1.8375440936395782     
   1.9767622855760618        1.9008971839809097     
   2.0234115430527830        1.9638091275838248     
   2.0700608005295043        2.0257260733011138     
   2.1167100580062255        2.0874919405725456     
   2.1633593154829467        2.1480773463336993     
   2.2100085729596679        2.2086393300749658     
   2.2566578304363891        2.2684423520633916     
   2.3033070879131103        2.3280416516737406     
   2.3499563453898316        2.3874333395119844     
   2.3966056028665528        2.4463480753629296     
   2.4432548603432740        2.5054253634499717     
   2.4899041178199952        2.5641931549815640     
   2.5365533752967164        2.6230321018738834     
   2.5832026327734376        2.6821001942312703     
   2.6298518902501589        2.7409501700451440     
   2.6765011477268801        2.8001368315854238     
   2.7231504052036013        2.8595739341584658     
   2.7697996626803225        2.9190065000750769     
   2.8164489201570437        2.9788157455625597     
   2.8630981776337650        3.0389013570041707     
   2.9097474351104862        3.0990652983073415     
   2.9563966925872074        3.1595601568335465     
   3.0030459500639286        3.2203063436411714     
   3.0496952075406498        3.2811010773260438     
   3.0963444650173710        3.3420835434118890     
   3.1429937224940923        3.4032059088915352     
   3.1896429799708135        3.4642573646968309     
   3.2362922374475347        3.5252719434969357     
   3.2829414949242559        3.5861498788776540     
   3.3295907524009771        3.6467910244858563     
   3.3762400098776983        3.7069899472321568     
   3.4228892673544196        3.7667476428476170     
   3.4695385248311408        3.8258622044762034     
 atom Ni   dist =  33.25918    coord    0.00000   0.00000  33.25918
   7.2889464807377011E-004   2.4071678536543566E-002
   1.4577892961475402E-003   2.4640406692641371E-002
   2.1866839442213105E-003   2.5120660135599902E-002
   2.9155785922950804E-003   2.5567814414429593E-002
   3.6444732403688503E-003   2.5999238135085336E-002
   4.3733678884426202E-003   2.6422635318933650E-002
   5.1022625365163901E-003   2.6842204181350825E-002
   5.8311571845901600E-003   2.7260462719065109E-002
   6.5600518326639299E-003   2.7678875402420051E-002
   7.2889464807376998E-003   2.8098718872066077E-002
   8.0178411288114697E-003   2.8520723797503214E-002
   8.7467357768852404E-003   2.8945549697036960E-002
   9.4756304249590112E-003   2.9373657498742156E-002
   1.0204525073032782E-002   2.9805304935214615E-002
   1.0933419721106553E-002   3.0240983796754523E-002
   1.1662314369180323E-002   3.0680929207518876E-002
   1.2391209017254094E-002   3.1125141377685524E-002
   1.3120103665327865E-002   3.1574018130234853E-002
   1.3848998313401636E-002   3.2027700878069727E-002
   1.4577892961475407E-002   3.2486315695862841E-002
   1.5306787609549177E-002   3.2949988066821978E-002
   1.6035682257622946E-002   3.3418837906881806E-002
   1.6764576905696715E-002   3.3892977513961156E-002
   1.7493471553770484E-002   3.4372509130291037E-002
   1.8222366201844253E-002   3.4857471866903023E-002
   1.8951260849918022E-002   3.5347951077560280E-002
   1.9680155497991791E-002   3.5844071353212548E-002
   2.0409050146065560E-002   3.6345893050925192E-002
   2.1137944794139329E-002   3.6853439869922157E-002
   2.1866839442213098E-002   3.7366802389913474E-002
   2.2595734090286868E-002   3.7886011911139883E-002
   2.3324628738360637E-002   3.8411087082050398E-002
   2.4053523386434406E-002   3.8942170618375405E-002
   2.4782418034508175E-002   3.9479106321799282E-002
   2.5511312682581944E-002   4.0022173338237016E-002
   2.6240207330655713E-002   4.0571198706336194E-002
   2.6969101978729482E-002   4.1126241995895728E-002
   2.7697996626803251E-002   4.1687428610652034E-002
   2.8426891274877020E-002   4.2254521955433492E-002
   2.9155785922950789E-002   4.2827884286951674E-002
   3.0613575219098330E-002   4.3992552617057382E-002
   3.2071364515245872E-002   4.5181297751594719E-002
   3.3529153811393410E-002   4.6393833007768427E-002
   3.4986943107540948E-002   4.7629924966798159E-002
   3.6444732403688486E-002   4.8889533486433927E-002
   3.7902521699836024E-002   5.0171698194901783E-002
   3.9360310995983562E-002   5.1475483017347709E-002
   4.0818100292131100E-002   5.2799605317165460E-002
   4.2275889588278638E-002   5.4144723184940097E-002
   4.3733678884426176E-002   5.5508555073564905E-002
   4.5191468180573714E-002   5.6888850624822275E-002
   4.6649257476721252E-002   5.8286224237290289E-002
   4.8107046772868790E-002   5.9697741408405260E-002
   4.9564836069016328E-002   6.1120708627862640E-002
   5.1022625365163866E-002   6.2555839612799438E-002
   5.2480414661311404E-002   6.3997599569757174E-002
   5.3938203957458943E-002   6.5447065134939100E-002
   5.5395993253606481E-002   6.6899027647063611E-002
   5.6853782549754019E-002   6.8352826649712164E-002
   5.8311571845901557E-002   6.9804579800130107E-002
   5.9769361142049095E-002   7.1252564213589928E-002
   6.1227150438196633E-002   7.2693055936797465E-002
   6.2684939734344178E-002   7.4124475414817009E-002
   6.4142729030491716E-002   7.5542469567877163E-002
   6.5600518326639254E-002   7.6946414929501841E-002
   6.7058307622786792E-002   7.8331319720121431E-002
   6.8516096918934330E-002   7.9696946148633874E-002
   6.9973886215081868E-002   8.1039146803593642E-002
   7.1431675511229406E-002   8.2356504835802799E-002
   7.2889464807376944E-002   8.3646981384846483E-002
   7.4347254103524482E-002   8.4908604567986615E-002
   7.5805043399672020E-002   8.6139608293759065E-002
   7.7262832695819558E-002   8.7339485617883461E-002
   7.8720621991967096E-002   8.8506155066970266E-002
   8.0178411288114634E-002   8.9639368254966573E-002
   8.1636200584262172E-002   9.0739623469500819E-002
   8.3093989880409710E-002   9.1804011376957498E-002
   8.4551779176557249E-002   9.2835083522528547E-002
   8.6009568472704787E-002   9.3833534982497122E-002
   8.7467357768852325E-002   9.4795713709281651E-002
   9.0382936361147401E-002   9.6627482899977399E-002
   9.3298514953442477E-002   9.8332269733503799E-002
   9.6214093545737553E-002   9.9926175104525269E-002
   9.9129672138032629E-002  0.10141790406821949     
  0.10204525073032771       0.10281761386871470     
  0.10496082932262278       0.10414439539375045     
  0.10787640791491786       0.10540011553389997     
  0.11079198650721293       0.10660954061431353     
  0.11370756509950801       0.10776903329407206     
  0.11662314369180309       0.10890374878606338     
  0.11953872228409816       0.11000917135399801     
  0.12245430087639324       0.11110712988187105     
  0.12536987946868833       0.11219103456147041     
  0.12828545806098340       0.11328074366516298     
  0.13120103665327848       0.11437063944201793     
  0.13411661524557356       0.11547467227824082     
  0.13703219383786863       0.11659108583208229     
  0.13994777243016371       0.11772664387901252     
  0.14286335102245878       0.11888462992281866     
  0.14577892961475386       0.12006497475140393     
  0.14869450820704894       0.12127377742300652     
  0.15161008679934401       0.12251036735396022     
  0.15452566539163909       0.12377758823010354     
  0.15744124398393416       0.12507708480313529     
  0.16035682257622924       0.12641020376973228     
  0.16327240116852432       0.12777699444704127     
  0.16618797976081939       0.12917980957903252     
  0.16910355835311447       0.13061967978961023     
  0.17201913694540955       0.13209465186314964     
  0.17493471553770462       0.13360885816846593     
  0.17785029412999970       0.13516216387176830     
  0.18076587272229477       0.13675126183692413     
  0.18368145131458985       0.13838122882847348     
  0.18659702990688493       0.14005293003618488     
  0.18951260849918000       0.14176040643584134     
  0.19242818709147508       0.14350743339716890     
  0.19534376568377015       0.14530143131685205     
  0.19825934427606523       0.14713050177206649     
  0.20117492286836031       0.14899686208421753     
  0.20409050146065538       0.15091225947972636     
  0.20992165864524553       0.15485456949624715     
  0.21575281582983569       0.15896456467177209     
  0.22158397301442584       0.16322656629970636     
  0.22741513019901599       0.16765925769951426     
  0.23324628738360614       0.17223463907906261     
  0.23907744456819630       0.17697647329040359     
  0.24490860175278645       0.18185043976125895     
  0.25073975893737660       0.18687759204796589     
  0.25657091612196675       0.19202481171948346     
  0.26240207330655690       0.19730085613343071     
  0.26823323049114706       0.20268306458064889     
  0.27406438767573721       0.20815774996395325     
  0.27989554486032736       0.21372115215567974     
  0.28572670204491751       0.21933516703636335     
  0.29155785922950767       0.22500480053108965     
  0.29738901641409782       0.23068984566025444     
  0.30322017359868797       0.23637400560149840     
  0.30905133078327812       0.24203743563535254     
  0.31488248796786827       0.24765170212308574     
  0.32071364515245843       0.25318906708634198     
  0.32654480233704858       0.25863317662246221     
  0.33237595952163873       0.26396212835687222     
  0.33820711670622888       0.26912993382300082     
  0.34403827389081904       0.27414849438678585     
  0.34986943107540919       0.27899663466440705     
  0.35570058825999934       0.28361361458553475     
  0.36153174544458949       0.28804771058102013     
  0.36736290262917964       0.29228107921654328     
  0.37319405981376980       0.29624703221355525     
  0.37902521699835995       0.30001763940105558     
  0.38485637418295010       0.30358844889898107     
  0.39068753136754025       0.30690141161083917     
  0.39651868855213040       0.31001645904226843     
  0.40234984573672056       0.31295992450709859     
  0.40818100292131071       0.31570400507589885     
  0.41401216010590086       0.31824040357491429     
  0.41984331729049101       0.32064994531441454     
  0.42567447447508117       0.32293232178302761     
  0.43150563165967132       0.32503555182160876     
  0.43733678884426147       0.32703175386486205     
  0.44899910321344177       0.33079491421960489     
  0.46066141758262208       0.33417957159997175     
  0.47232373195180238       0.33743352014397654     
  0.48398604632098269       0.34049800212717340     
  0.49564836069016299       0.34357222585205011     
  0.50731067505934335       0.34660456369512960     
  0.51897298942852366       0.34972903366168745     
  0.53063530379770396       0.35291972872870192     
  0.54229761816688427       0.35624403613859268     
  0.55395993253606457       0.35970777297196993     
  0.56562224690524487       0.36332626152313985     
  0.57728456127442518       0.36712166644372923     
  0.58894687564360548       0.37109474341769200     
  0.60060919001278579       0.37525219097583412     
  0.61227150438196609       0.37960784693833716     
  0.62393381875114640       0.38415596648431383     
  0.63559613312032670       0.38889050479526593     
  0.64725844748950701       0.39384507311401679     
  0.65892076185868731       0.39898264503213049     
  0.67058307622786761       0.40430687595565024     
  0.68224539059704792       0.40986478933873266     
  0.69390770496622822       0.41559307939070983     
  0.70557001933540853       0.42150869231704396     
  0.71723233370458883       0.42765925517560632     
  0.72889464807376914       0.43397487657557521     
  0.74055696244294944       0.44046794456069516     
  0.75221927681212974       0.44720574389468798     
  0.76388159118131005       0.45410488172091940     
  0.77554390555049035       0.46117563312131704     
  0.78720621991967066       0.46847734008871261     
  0.79886853428885096       0.47595742833065185     
  0.81053084865803127       0.48360299410877150     
  0.82219316302721157       0.49144745040210591     
  0.83385547739639188       0.49950703439704108     
  0.84551779176557218       0.50772660046039331     
  0.85718010613475248       0.51611611706828997     
  0.86884242050393279       0.52472947459237462     
  0.88050473487311309       0.53352272844622251     
  0.89216704924229340       0.54247997656230440     
  0.90382936361147370       0.55160967114920456     
  0.92715399234983431       0.57049298311362473     
  0.95047862108819492       0.59004856110253534     
  0.97380324982655553       0.61038238351373009     
  0.99712787856491614       0.63139180255997263     
   1.0204525073032769       0.65314648496857564     
   1.0437771360416375       0.67558590363106075     
   1.0671017647799981       0.69872829587166241     
   1.0904263935183587       0.72255933780634474     
   1.1137510222567193       0.74705803838864682     
   1.1370756509950799       0.77222056428459851     
   1.1604002797334405       0.79805173357876935     
   1.1837249084718011       0.82446198619690458     
   1.2070495372101617       0.85153235527794380     
   1.2303741659485223       0.87917062902594278     
   1.2536987946868829       0.90735915023481273     
   1.2770234234252436       0.93616580262024240     
   1.3003480521636042       0.96538789257854041     
   1.3236726809019648       0.99515008377168168     
   1.3469973096403254        1.0254616530044116     
   1.3703219383786860        1.0560175347304301     
   1.3936465671170466        1.0870857041831825     
   1.4169711958554072        1.1186230984699312     
   1.4402958245937678        1.1502425978236221     
   1.4636204533321284        1.1823053294847385     
   1.4869450820704890        1.2147559906909626     
   1.5102697108088496        1.2471732198338021     
   1.5335943395472103        1.2798926808321960     
   1.5569189682855709        1.3129263265154216     
   1.5802435970239315        1.3459128801123532     
   1.6035682257622921        1.3789451875786847     
   1.6268928545006527        1.4122311964173158     
   1.6502174832390133        1.4456283336069902     
   1.6735421119773739        1.4786459085309427     
   1.6968667407157345        1.5118723511884313     
   1.7201913694540951        1.5452169428340115     
   1.7435159981924557        1.5783235454492603     
   1.7668406269308163        1.6112167501538048     
   1.7901652556691769        1.6442149517992730     
   1.8134898844075376        1.6772339972873600     
   1.8368145131458982        1.7098293508941380     
   1.8834637706226194        1.7747645681948505     
   1.9301130280993406        1.8392272598804533     
   1.9767622855760618        1.9028876886167061     
   2.0234115430527830        1.9661514262431243     
   2.0700608005295043        2.0284666802549642     
   2.1167100580062255        2.0906867871645956     
   2.1633593154829467        2.1517816520802566     
   2.2100085729596679        2.2129218741741838     
   2.2566578304363891        2.2733734554172482     
   2.3033070879131103        2.3337034151848011     
   2.3499563453898316        2.3939164685758554     
   2.3966056028665528        2.4537496181068690     
   2.4432548603432740        2.5138602925902549     
   2.4899041178199952        2.5737822981573029     
   2.5365533752967164        2.6339144595919310     
   2.5832026327734376        2.6944326437809263     
   2.6298518902501589        2.7548976705093464     
   2.6765011477268801        2.8158932436618316     
   2.7231504052036013        2.8773525513670566     
   2.7697996626803225        2.9390368460455538     
   2.8164489201570437        3.0013623272917038     
   2.8630981776337650        3.0642548595801640     
   2.9097474351104862        3.1275404106362705     
   2.9563966925872074        3.1915144726602311     
   3.0030459500639286        3.2561372057511511     
   3.0496952075406498        3.3212246335008815     
   3.0963444650173710        3.3869840162035003     
   3.1429937224940923        3.4533973280550194     
   3.1896429799708135        3.5203129169661991     
   3.2362922374475347        3.5878039447463053     
   3.2829414949242559        3.6558463859707619     
   3.3295907524009771        3.7243756922487234     
   3.3762400098776983        3.7932615924918229     
   3.4228892673544196        3.8625528422494448     
   3.4695385248311408        3.9321306035615669     
