 atom Ni   dist =   0.00000    coord    0.00000   0.00000   0.00000
   7.2889464807377011E-004  0.11464893633045507     
   1.4577892961475402E-003  0.42756283351817781     
   2.1866839442213105E-003  0.90787493573516409     
   2.9155785922950804E-003   1.5307615012336233     
   3.6444732403688503E-003   2.2746614094094793     
   4.3733678884426202E-003   3.1204804122109739     
   5.1022625365163901E-003   4.0511288062793982     
   5.8311571845901600E-003   5.0512665299768242     
   6.5600518326639299E-003   6.1072181062930149     
   7.2889464807376998E-003   7.2065285240358046     
   8.0178411288114697E-003   8.3381451394287449     
   8.7467357768852404E-003   9.4920683145147038     
   9.4756304249590112E-003   10.659390754989573     
   1.0204525073032782E-002   11.832294497236459     
   1.0933419721106553E-002   13.003491231459014     
   1.1662314369180323E-002   14.166705765209006     
   1.2391209017254094E-002   15.316696277953254     
   1.3120103665327865E-002   16.448298333575710     
   1.3848998313401636E-002   17.557272632835296     
   1.4577892961475407E-002   18.639944265713922     
   1.5306787609549177E-002   19.693131928051901     
   1.6035682257622946E-002   20.714111787301636     
   1.6764576905696715E-002   21.700581835238932     
   1.7493471553770484E-002   22.650631118519819     
   1.8222366201844253E-002   23.562816683634022     
   1.8951260849918022E-002   24.435917519477901     
   1.9680155497991791E-002   25.268906181126866     
   2.0409050146065560E-002   26.061139337489639     
   2.1137944794139329E-002   26.812285593423528     
   2.1866839442213098E-002   27.522075880383685     
   2.2595734090286868E-002   28.190549774350998     
   2.3324628738360637E-002   28.817945063559549     
   2.4053523386434406E-002   29.404364897251835     
   2.4782418034508175E-002   29.950712920257082     
   2.5511312682581944E-002   30.457022483057759     
   2.6240207330655713E-002   30.924448186029885     
   2.6969101978729482E-002   31.353702365936172     
   2.7697996626803251E-002   31.745414997118331     
   2.8426891274877020E-002   32.101105818971007     
   2.9155785922950789E-002   32.420971353422573     
   3.0613575219098330E-002   32.959488657137307     
   3.2071364515245872E-002   33.370089872730553     
   3.3529153811393410E-002   33.662444017193849     
   3.4986943107540948E-002   33.846092910874304     
   3.6444732403688486E-002   33.930004282016867     
   3.7902521699836024E-002   33.924790831098790     
   3.9360310995983562E-002   33.840488449228680     
   4.0818100292131100E-002   33.687207526834058     
   4.2275889588278638E-002   33.470660757782980     
   4.3733678884426176E-002   33.201647666633065     
   4.5191468180573714E-002   32.889936239126285     
   4.6649257476721252E-002   32.539407200965449     
   4.8107046772868790E-002   32.159561318069159     
   4.9564836069016328E-002   31.758472452065583     
   5.1022625365163866E-002   31.337972732735004     
   5.2480414661311404E-002   30.909146093307864     
   5.3938203957458943E-002   30.472060373387496     
   5.5395993253606481E-002   30.035636392469641     
   5.6853782549754019E-002   29.601454541006078     
   5.8311571845901557E-002   29.175112214510726     
   5.9769361142049095E-002   28.758722092789320     
   6.1227150438196633E-002   28.356569783250748     
   6.2684939734344178E-002   27.969808202659078     
   6.4142729030491716E-002   27.602676386455894     
   6.5600518326639254E-002   27.254615706803595     
   6.7058307622786792E-002   26.930044950698385     
   6.8516096918934330E-002   26.627619824714323     
   6.9973886215081868E-002   26.350472404484020     
   7.1431675511229406E-002   26.098436280741765     
   7.2889464807376944E-002   25.872185607445555     
   7.4347254103524482E-002   25.672293973454725     
   7.5805043399672020E-002   25.498969036392158     
   7.7262832695819558E-002   25.351650006474735     
   7.8720621991967096E-002   25.231014685932532     
   8.0178411288114634E-002   25.136290130255517     
   8.1636200584262172E-002   25.066231351667824     
   8.3093989880409710E-002   25.022505250877991     
   8.4551779176557249E-002   25.002329617047277     
   8.6009568472704787E-002   25.004625204586791     
   8.7467357768852325E-002   25.031973760464538     
   9.0382936361147401E-002   25.147266313801229     
   9.3298514953442477E-002   25.345179617784837     
   9.6214093545737553E-002   25.612268043295146     
   9.9129672138032629E-002   25.942006505640627     
  0.10204525073032771        26.327275203826563     
  0.10496082932262278        26.753846558389309     
  0.10787640791491786        27.221778755890703     
  0.11079198650721293        27.711961981687391     
  0.11370756509950801        28.228838327519583     
  0.11662314369180309        28.752246579318474     
  0.11953872228409816        29.286982850213448     
  0.12245430087639324        29.814869841429321     
  0.12536987946868833        30.342185838787362     
  0.12828545806098340        30.851773701044280     
  0.13120103665327848        31.348866967725240     
  0.13411661524557356        31.821111431902523     
  0.13703219383786863        32.270232286518599     
  0.13994777243016371        32.690212935454568     
  0.14286335102245878        33.078239963046208     
  0.14577892961475386        33.434651545315575     
  0.14869450820704894        33.754149300876492     
  0.15161008679934401        34.037884098471444     
  0.15452566539163909        34.283749914648347     
  0.15744124398393416        34.490956708533005     
  0.16035682257622924        34.659227064127045     
  0.16327240116852432        34.789324994946007     
  0.16618797976081939        34.880327312007680     
  0.16910355835311447        34.932571361038079     
  0.17201913694540955        34.948970073743922     
  0.17493471553770462        34.927474478544319     
  0.17785029412999970        34.869743384847276     
  0.18076587272229477        34.780039830524494     
  0.18368145131458985        34.655891065208529     
  0.18659702990688493        34.498396638965644     
  0.18951260849918000        34.313963778517106     
  0.19242818709147508        34.101373351719147     
  0.19534376568377015        33.856936022403751     
  0.19825934427606523        33.591347149047934     
  0.20117492286836031        33.304606731666475     
  0.20409050146065538        32.990259551608737     
  0.20992165864524553        32.310742679240619     
  0.21575281582983569        31.561881668881814     
  0.22158397301442584        30.766301288979637     
  0.22741513019901599        29.924712275084417     
  0.23324628738360614        29.063516733069537     
  0.23907744456819630        28.179394645080084     
  0.24490860175278645        27.297359871861161     
  0.25073975893737660        26.414011046464218     
  0.25657091612196675        25.548761572437950     
  0.26240207330655690        24.701581712565076     
  0.26823323049114706        23.883183309323602     
  0.27406438767573721        23.099144750275190     
  0.27989554486032736        22.350525649261314     
  0.28572670204491751        21.647083245837589     
  0.29155785922950767        20.985741385045067     
  0.29738901641409782        20.373112066626913     
  0.30322017359868797        19.809759458080659     
  0.30905133078327812        19.295841918710725     
  0.31488248796786827        18.831887976262838     
  0.32071364515245843        18.419907100904037     
  0.32654480233704858        18.056412137443754     
  0.33237595952163873        17.740123680231804     
  0.33820711670622888        17.475921357884399     
  0.34403827389081904        17.254302039398869     
  0.34986943107540919        17.074587880337422     
  0.35570058825999934        16.944068699902026     
  0.36153174544458949        16.848519084413020     
  0.36736290262917964        16.787811236370825     
  0.37319405981376980        16.770451578613933     
  0.37902521699835995        16.781081564272977     
  0.38485637418295010        16.818518568003430     
  0.39068753136754025        16.890383451088848     
  0.39651868855213040        16.985762465257540     
  0.40234984573672056        17.099680091104862     
  0.40818100292131071        17.235722184654630     
  0.41401216010590086        17.394672358497616     
  0.41984331729049101        17.564292928675794     
  0.42567447447508117        17.744583895975730     
  0.43150563165967132        17.943021846595190     
  0.43733678884426147        18.149378368167383     
  0.44899910321344177        18.573181839850385     
  0.46066141758262208        19.022973698199337     
  0.47232373195180238        19.465233653617805     
  0.48398604632098269        19.908642236268509     
  0.49564836069016299        20.326595631134715     
  0.50731067505934335        20.725759007692091     
  0.51897298942852366        21.088868307624345     
  0.53063530379770396        21.418428568053379     
  0.54229761816688427        21.706771125374292     
  0.55395993253606457        21.952476449687147     
  0.56562224690524487        22.154612134477514     
  0.57728456127442518        22.311821832786496     
  0.58894687564360548        22.422657055674197     
  0.60060919001278579        22.490814291846931     
  0.61227150438196609        22.513703428404384     
  0.62393381875114640        22.494854281429109     
  0.63559613312032670        22.438167220306667     
  0.64725844748950701        22.338341786201326     
  0.65892076185868731        22.205486543427334     
  0.67058307622786761        22.041046932956160     
  0.68224539059704792        21.838621231845092     
  0.69390770496622822        21.612083730101968     
  0.70557001933540853        21.360608180215092     
  0.71723233370458883        21.078810057222938     
  0.72889464807376914        20.780129380222732     
  0.74055696244294944        20.464566151047453     
  0.75221927681212974        20.124691450924036     
  0.76388159118131005        19.774357361632106     
  0.77554390555049035        19.413808812561623     
  0.78720621991967066        19.037452696552617     
  0.79886853428885096        18.653654966798271     
  0.81053084865803127        18.265384533175734     
  0.82219316302721157        17.870374658909441     
  0.83385547739639188        17.468522100851587     
  0.84551779176557218        17.066820627967601     
  0.85718010613475248        16.665270246545077     
  0.86884242050393279        16.260148132155766     
  0.88050473487311309        15.856498049650476     
  0.89216704924229340        15.456457699704758     
  0.90382936361147370        15.060027091273515     
  0.92715399234983431        14.273345292759037     
  0.95047862108819492        13.510105629435548     
  0.97380324982655553        12.767713806431086     
  0.99712787856491614        12.054522987909710     
   1.0204525073032769        11.369363775500060     
   1.0437771360416375        10.715604848978650     
   1.0671017647799981        10.093635821961376     
   1.0904263935183587        9.5033457186359840     
   1.1137510222567193        8.9453848010208237     
   1.1370756509950799        8.4190024140191078     
   1.1604002797334405        7.9224333572595560     
   1.1837249084718011        7.4578874204113790     
   1.2070495372101617        7.0204742151848416     
   1.2303741659485223        6.6114997752207216     
   1.2536987946868829        6.2294775875553832     
   1.2770234234252436        5.8708721353552074     
   1.3003480521636042        5.5383915065866223     
   1.3236726809019648        5.2273907126048433     
   1.3469973096403254        4.9361609318623394     
   1.3703219383786860        4.6679327052971153     
   1.3936465671170466        4.4166197093320374     
   1.4169711958554072        4.1815542334583879     
   1.4402958245937678        3.9659717255493256     
   1.4636204533321284        3.7638827985284622     
   1.4869450820704890        3.5748234476390364     
   1.5102697108088496        3.4015616772846111     
   1.5335943395472103        3.2395431332019742     
   1.5569189682855709        3.0877414369592122     
   1.5802435970239315        2.9479377974940602     
   1.6035682257622921        2.8182593896598251     
   1.6268928545006527        2.6964263193473839     
   1.6502174832390133        2.5826601672754568     
   1.6735421119773739        2.4789383424963098     
   1.6968667407157345        2.3811229826749654     
   1.7201913694540951        2.2892142515763676     
   1.7435159981924557        2.2043562859929402     
   1.7668406269308163        2.1257502323524462     
   1.7901652556691769        2.0515083351804617     
   1.8134898844075376        1.9816307744221315     
   1.8368145131458982        1.9173912356406564     
   1.8834637706226194        1.8003520488110605     
   1.9301130280993406        1.6970002119202452     
   1.9767622855760618        1.6061751199810486     
   2.0234115430527830        1.5249490478099732     
   2.0700608005295043        1.4532813963699232     
   2.1167100580062255        1.3879606949812680     
   2.1633593154829467        1.3302844711799064     
   2.2100085729596679        1.2770178176629696     
   2.2566578304363891        1.2289716066511955     
   2.3033070879131103        1.1845806919274444     
   2.3499563453898316        1.1434548688174389     
   2.3966056028665528        1.1056404963771653     
   2.4432548603432740        1.0698911681919567     
   2.4899041178199952        1.0366380368990922     
   2.5365533752967164        1.0051582678811475     
   2.5832026327734376       0.97511214070999508     
   2.6298518902501589       0.94687497265085152     
   2.6765011477268801       0.91969687257323418     
   2.7231504052036013       0.89358815830841232     
   2.7697996626803225       0.86870373450531813     
   2.8164489201570437       0.84460343312142583     
   2.8630981776337650       0.82131856875358722     
   2.9097474351104862       0.79894346559464680     
   2.9563966925872074       0.77721938641565724     
   3.0030459500639286       0.75615519105212070     
   3.0496952075406498       0.73583829999160999     
   3.0963444650173710       0.71611916541610576     
   3.1429937224940923       0.69698953242763739     
   3.1896429799708135       0.67850546782407950     
   3.2362922374475347       0.66061013094948107     
   3.2829414949242559       0.64329912162959790     
   3.3295907524009771       0.62657462756011584     
   3.3762400098776983       0.61046569271322715     
   3.4228892673544196       0.59493597815012078     
   3.4695385248311408       0.58000800538990083     
 atom Ni   dist =   6.65184    coord    0.00000   0.00000   6.65184
   7.2889464807377011E-004  0.11426981099477096     
   1.4577892961475402E-003  0.42615443403511494     
   2.1866839442213105E-003  0.90489877809022101     
   2.9155785922950804E-003   1.5257725717053723     
   3.6444732403688503E-003   2.2672989164196298     
   4.3733678884426202E-003   3.1104609016825759     
   5.1022625365163901E-003   4.0382406113465157     
   5.8311571845901600E-003   5.0353648467521452     
   6.5600518326639299E-003   6.0882199938993624     
   7.2889464807376998E-003   7.1844095783272461     
   8.0178411288114697E-003   8.3129349740590612     
   8.7467357768852404E-003   9.4638474159823254     
   9.4756304249590112E-003   10.628286859189819     
   1.0204525073032782E-002   11.798478531280683     
   1.0933419721106553E-002   12.967176310004804     
   1.1662314369180323E-002   14.128143076836855     
   1.2391209017254094E-002   15.276170253056279     
   1.3120103665327865E-002   16.406127954217649     
   1.3848998313401636E-002   17.513806916492378     
   1.4577892961475407E-002   18.595559835960007     
   1.5306787609549177E-002   19.648230880491440     
   1.6035682257622946E-002   20.669119636396839     
   1.6764576905696715E-002   21.655945568308407     
   1.7493471553770484E-002   22.606817363109620     
   1.8222366201844253E-002   23.520308390172787     
   1.8951260849918022E-002   24.395212860185374     
   1.9680155497991791E-002   25.230518824869886     
   2.0409050146065560E-002   26.025595937404042     
   2.1137944794139329E-002   26.780122378727544     
   2.1866839442213098E-002   27.493837283089153     
   2.2595734090286868E-002   28.166790823068730     
   2.3324628738360637E-002   28.799226098120499     
   2.4053523386434406E-002   29.391250946195701     
   2.4782418034508175E-002   29.943775105251490     
   2.5511312682581944E-002   30.456832945665219     
   2.6240207330655713E-002   30.931582685428015     
   2.6969101978729482E-002   31.368736631560104     
   2.7697996626803251E-002   31.768925867754906     
   2.8426891274877020E-002   32.133667633784199     
   2.9155785922950789E-002   32.463159307903780     
   3.0613575219098330E-002   33.022637577514381     
   3.2071364515245872E-002   33.456454489448305     
   3.3529153811393410E-002   33.774238491209474     
   3.4986943107540948E-002   33.985483404586482     
   3.6444732403688486E-002   34.099106549131832     
   3.7902521699836024E-002   34.125651902794331     
   3.9360310995983562E-002   34.075081454379941     
   4.0818100292131100E-002   33.957421233784601     
   4.2275889588278638E-002   33.778336076343663     
   4.3733678884426176E-002   33.548523695717385     
   4.5191468180573714E-002   33.277644912786521     
   4.6649257476721252E-002   32.969538225485557     
   4.8107046772868790E-002   32.633590294374720     
   4.9564836069016328E-002   32.277758835388980     
   5.1022625365163866E-002   31.903857676239795     
   5.2480414661311404E-002   31.522788839837165     
   5.3938203957458943E-002   31.134622739966751     
   5.5395993253606481E-002   30.748112910694690     
   5.6853782549754019E-002   30.364803155962079     
   5.8311571845901557E-002   29.990169959018282     
   5.9769361142049095E-002   29.626265960067808     
   6.1227150438196633E-002   29.277264916793058     
   6.2684939734344178E-002   28.944277723484579     
   6.4142729030491716E-002   28.631396080745851     
   6.5600518326639254E-002   28.338089464446426     
   6.7058307622786792E-002   28.068554359213618     
   6.8516096918934330E-002   27.821554406223253     
   6.9973886215081868E-002   27.599970203769985     
   7.1431675511229406E-002   27.403697208989051     
   7.2889464807376944E-002   27.233277681457729     
   7.4347254103524482E-002   27.089186870842944     
   7.5805043399672020E-002   26.971726059216312     
   7.7262832695819558E-002   26.880081619296480     
   7.8720621991967096E-002   26.815001960855295     
   8.0178411288114634E-002   26.775633620747509     
   8.1636200584262172E-002   26.760601919200386     
   8.3093989880409710E-002   26.771671160338464     
   8.4551779176557249E-002   26.805896558051455     
   8.6009568472704787E-002   26.862135802284790     
   8.7467357768852325E-002   26.943074487816681     
   9.0382936361147401E-002   27.163900920737856     
   9.3298514953442477E-002   27.465184444642460     
   9.6214093545737553E-002   27.833053010382152     
   9.9129672138032629E-002   28.260816489407883     
  0.10204525073032771        28.741160160519559     
  0.10496082932262278        29.259578474053768     
  0.10787640791491786        29.816108785771537     
  0.11079198650721293        30.391333644875367     
  0.11370756509950801        30.989747488587959     
  0.11662314369180309        31.590920640595581     
  0.11953872228409816        32.199700062215378     
  0.12245430087639324        32.797715217928008     
  0.12536987946868833        33.391294315111402     
  0.12828545806098340        33.963143788199375     
  0.13120103665327848        34.518521764240262     
  0.13411661524557356        35.045015930219243     
  0.13703219383786863        35.544343139301546     
  0.13994777243016371        36.010488010458488     
  0.14286335102245878        36.440628327787515     
  0.14577892961475386        36.835098812084418     
  0.14869450820704894        37.188655217031290     
  0.15161008679934401        37.502394979974262     
  0.15452566539163909        37.774309854012529     
  0.15744124398393416        38.003633590073214     
  0.16035682257622924        38.190016407602826     
  0.16327240116852432        38.334421614710116     
  0.16618797976081939        38.435865458079910     
  0.16910355835311447        38.494707414481013     
  0.17201913694540955        38.514051513887608     
  0.17493471553770462        38.491748408497259     
  0.17785029412999970        38.429538170470259     
  0.18076587272229477        38.331892677919193     
  0.18368145131458985        38.196227454490071     
  0.18659702990688493        38.023691731109338     
  0.18951260849918000        37.820982231512694     
  0.19242818709147508        37.586823862401275     
  0.19534376568377015        37.317357938000789     
  0.19825934427606523        37.023770760109606     
  0.20117492286836031        36.706062328757625     
  0.20409050146065538        36.357457947297902     
  0.20992165864524553        35.601142725614736     
  0.21575281582983569        34.764301968192157     
  0.22158397301442584        33.870821552063191     
  0.22741513019901599        32.921355063384404     
  0.23324628738360614        31.944024290383783     
  0.23907744456819630        30.935154350759436     
  0.24490860175278645        29.921732827600039     
  0.25073975893737660        28.899910456131497     
  0.25657091612196675        27.891035279763734     
  0.26240207330655690        26.894873122173532     
  0.26823323049114706        25.923564566940769     
  0.27406438767573721        24.983280670013002     
  0.27989554486032736        24.075290095319300     
  0.28572670204491751        23.211275076423988     
  0.29155785922950767        22.387024887197249     
  0.29738901641409782        21.611590216406405     
  0.30322017359868797        20.885238372118391     
  0.30905133078327812        20.208593781694315     
  0.31488248796786827        19.583740486721698     
  0.32071364515245843        19.011776833558869     
  0.32654480233704858        18.490796797965970     
  0.33237595952163873        18.020101076965336     
  0.33820711670622888        17.603638919234260     
  0.34403827389081904        17.233719120839137     
  0.34986943107540919        16.909793079030507     
  0.35570058825999934        16.638387515278616     
  0.36153174544458949        16.406766131952722     
  0.36736290262917964        16.214814509668727     
  0.37319405981376980        16.070560101981503     
  0.37902521699835995        15.959509153108630     
  0.38485637418295010        15.880545627844853     
  0.39068753136754025        15.841135711558401     
  0.39651868855213040        15.830587166247758     
  0.40234984573672056        15.844025458006788     
  0.40818100292131071        15.885080481517047     
  0.41401216010590086        15.954545472294487     
  0.41984331729049101        16.040032454637551     
  0.42567447447508117        16.141541430004906     
  0.43150563165967132        16.266897761498004     
  0.43733678884426147        16.405395889393965     
  0.44899910321344177        16.708561427676777     
  0.46066141758262208        17.058808094329962     
  0.47232373195180238        17.419660131778436     
  0.48398604632098269        17.801102345102485     
  0.49564836069016299        18.172648834942823     
  0.50731067505934335        18.542586642267175     
  0.51897298942852366        18.889467309518665     
  0.53063530379770396        19.217188944332381     
  0.54229761816688427        19.514530520867943     
  0.55395993253606457        19.780301256049324     
  0.56562224690524487        20.011903841391238     
  0.57728456127442518        20.205788907310136     
  0.58894687564360548        20.362166430666356     
  0.60060919001278579        20.480500578371835     
  0.61227150438196609        20.559335824611914     
  0.62393381875114640        20.600655775485500     
  0.63559613312032670        20.606652273571104     
  0.64725844748950701        20.573416386067567     
  0.65892076185868731        20.508402904304475     
  0.67058307622786761        20.412657360158409     
  0.68224539059704792        20.280909981898706     
  0.69390770496622822        20.124581873824411     
  0.70557001933540853        19.942947121751430     
  0.71723233370458883        19.731275596536271     
  0.72889464807376914        19.501374038450212     
  0.74055696244294944        19.253242451808770     
  0.75221927681212974        18.980039097166863     
  0.76388159118131005        18.694521206797074     
  0.77554390555049035        18.396914356316120     
  0.78720621991967066        18.081858296940201     
  0.79886853428885096        17.757370696770501     
  0.81053084865803127        17.426296861372418     
  0.82219316302721157        17.086379622508034     
  0.83385547739639188        16.737516181778698     
  0.84551779176557218        16.386670815299606     
  0.85718010613475248        16.033843535564053     
  0.86884242050393279        15.675167933622792     
  0.88050473487311309        15.315882320156735     
  0.89216704924229340        14.958206853947269     
  0.90382936361147370        14.602141551510226     
  0.92715399234983431        13.889743046147457     
  0.95047862108819492        13.193657052425312     
  0.97380324982655553        12.510736575653612     
  0.99712787856491614        11.850980682911789     
   1.0204525073032769        11.212605439550225     
   1.0437771360416375        10.600595879216430     
   1.0671017647799981        10.014915933306453     
   1.0904263935183587        9.4566524786277046     
   1.1137510222567193        8.9265502125651786     
   1.1370756509950799        8.4242421370470364     
   1.1604002797334405        7.9488650908343708     
   1.1837249084718011        7.5020398163445980     
   1.2070495372101617        7.0801798021779199     
   1.2303741659485223        6.6843801556274922     
   1.2536987946868829        6.3134184288156030     
   1.2770234234252436        5.9643870207304781     
   1.3003480521636042        5.6396440149743983     
   1.3236726809019648        5.3351450398699232     
   1.3469973096403254        5.0494023048136523     
   1.3703219383786860        4.7853298334267116     
   1.3936465671170466        4.5374378836304796     
   1.4169711958554072        4.3051243370348855     
   1.4402958245937678        4.0913796980800390     
   1.4636204533321284        3.8906683600304830     
   1.4869450820704890        3.7025615929479900     
   1.5102697108088496        3.5296640846822922     
   1.5335943395472103        3.3676905323013298     
   1.5569189682855709        3.2156752903326877     
   1.5802435970239315        3.0753173681806643     
   1.6035682257622921        2.9448306615743771     
   1.6268928545006527        2.8220408086142670     
   1.6502174832390133        2.7071614726321789     
   1.6735421119773739        2.6020982721255010     
   1.6968667407157345        2.5028640533030457     
   1.7201913694540951        2.4094591416570323     
   1.7435159981924557        2.3229948083673473     
   1.7668406269308163        2.2426954176432616     
   1.7901652556691769        2.1667279164216220     
   1.8134898844075376        2.0950926657182092     
   1.8368145131458982        2.0290338620805750     
   1.8834637706226194        1.9082997558867643     
   1.9301130280993406        1.8012196000203402     
   1.9767622855760618        1.7066568649721972     
   2.0234115430527830        1.6217441128787844     
   2.0700608005295043        1.5464433951272771     
   2.1167100580062255        1.4775980481427327     
   2.1633593154829467        1.4164892647769276     
   2.2100085729596679        1.3599301946815048     
   2.2566578304363891        1.3087247031636542     
   2.3033070879131103        1.2613283108204909     
   2.3499563453898316        1.2173588692166120     
   2.3966056028665528        1.1768652926465213     
   2.4432548603432740        1.1386137640390943     
   2.4899041178199952        1.1030382499345377     
   2.5365533752967164        1.0694196933494409     
   2.5832026327734376        1.0374220645011334     
   2.6298518902501589        1.0074285002217565     
   2.6765011477268801       0.97868417849744826     
   2.7231504052036013       0.95120433543940119     
   2.7697996626803225       0.92515336289858097     
   2.8164489201570437       0.90007984003158059     
   2.8630981776337650       0.87602198468783254     
   2.9097474351104862       0.85308599362400206     
   2.9563966925872074       0.83099737011536234     
   3.0030459500639286       0.80977364011993991     
   3.0496952075406498       0.78951325922930016     
   3.0963444650173710       0.77005705951170567     
   3.1429937224940923       0.75139061782134697     
   3.1896429799708135       0.73360160679453768     
   3.2362922374475347       0.71660970994108752     
   3.2829414949242559       0.70042174543581337     
   3.3295907524009771       0.68503952865910389     
   3.3762400098776983       0.67051859232354771     
   3.4228892673544196       0.65679458549210312     
   3.4695385248311408       0.64391213361393851     
 atom Ni   dist =  13.30367    coord    0.00000   0.00000  13.30367
   7.2889464807377011E-004  0.11426981099538305     
   1.4577892961475402E-003  0.42615443403756326     
   2.1866839442213105E-003  0.90489877809572938     
   2.9155785922950804E-003   1.5257725717151640     
   3.6444732403688503E-003   2.2672989164349278     
   4.3733678884426202E-003   3.1104609017046023     
   5.1022625365163901E-003   4.0382406113764917     
   5.8311571845901600E-003   5.0353648467912908     
   6.5600518326639299E-003   6.0882199939488961     
   7.2889464807376998E-003   7.1844095783883848     
   8.0178411288114697E-003   8.3129349741330216     
   8.7467357768852404E-003   9.4638474160703208     
   9.4756304249590112E-003   10.628286859293061     
   1.0204525073032782E-002   11.798478531400381     
   1.0933419721106553E-002   12.967176310142168     
   1.1662314369180323E-002   14.128143076993089     
   1.2391209017254094E-002   15.276170253232584     
   1.3120103665327865E-002   16.406127954415222     
   1.3848998313401636E-002   17.513806916712419     
   1.4577892961475407E-002   18.595559836203709     
   1.5306787609549177E-002   19.648230880759993     
   1.6035682257622946E-002   20.669119636691434     
   1.6764576905696715E-002   21.655945568630223     
   1.7493471553770484E-002   22.606817363459832     
   1.8222366201844253E-002   23.520308390552575     
   1.8951260849918022E-002   24.395212860595905     
   1.9680155497991791E-002   25.230518825312330     
   2.0409050146065560E-002   26.025595937879558     
   2.1137944794139329E-002   26.780122379237294     
   2.1866839442213098E-002   27.493837283634285     
   2.2595734090286868E-002   28.166790823650395     
   2.3324628738360637E-002   28.799226098739833     
   2.4053523386434406E-002   29.391250946853848     
   2.4782418034508175E-002   29.943775105949577     
   2.5511312682581944E-002   30.456832946404372     
   2.6240207330655713E-002   30.931582686209353     
   2.6969101978729482E-002   31.368736632384742     
   2.7697996626803251E-002   31.768925868623953     
   2.8426891274877020E-002   32.133667634698753     
   2.9155785922950789E-002   32.463159308864931     
   3.0613575219098330E-002   33.022637578571995     
   3.2071364515245872E-002   33.456454490606674     
   3.3529153811393410E-002   33.774238492472840     
   3.4986943107540948E-002   33.985483405959002     
   3.6444732403688486E-002   34.099106550617627     
   3.7902521699836024E-002   34.125651904387425     
   3.9360310995983562E-002   34.075081456083126     
   4.0818100292131100E-002   33.957421235601018     
   4.2275889588278638E-002   33.778336078276389     
   4.3733678884426176E-002   33.548523697769440     
   4.5191468180573714E-002   33.277644914960874     
   4.6649257476721252E-002   32.969538227785108     
   4.8107046772868790E-002   32.633590296802332     
   4.9564836069016328E-002   32.277758837947452     
   5.1022625365163866E-002   31.903857678931875     
   5.2480414661311404E-002   31.522788842665530     
   5.3938203957458943E-002   31.134622742934031     
   5.5395993253606481E-002   30.748112913803453     
   5.6853782549754019E-002   30.364803159214244     
   5.8311571845901557E-002   29.990169962400920     
   5.9769361142049095E-002   29.626265963582551     
   6.1227150438196633E-002   29.277264920441493     
   6.2684939734344178E-002   28.944277727268258     
   6.4142729030491716E-002   28.631396084666306     
   6.5600518326639254E-002   28.338089468505149     
   6.7058307622786792E-002   28.068554363412083     
   6.8516096918934330E-002   27.821554410562914     
   6.9973886215081868E-002   27.599970208252270     
   7.1431675511229406E-002   27.403697213615366     
   7.2889464807376944E-002   27.233277686229460     
   7.4347254103524482E-002   27.089186875761470     
   7.5805043399672020E-002   26.971726064282997     
   7.7262832695819558E-002   26.880081624512673     
   7.8720621991967096E-002   26.815001966222333     
   8.0178411288114634E-002   26.775633626266725     
   8.1636200584262172E-002   26.760601924873107     
   8.3093989880409710E-002   26.771671166166012     
   8.4551779176557249E-002   26.805896564033556     
   8.6009568472704787E-002   26.862135808403604     
   8.7467357768852325E-002   26.943074494072814     
   9.0382936361147401E-002   27.163900927270575     
   9.3298514953442477E-002   27.465184451454448     
   9.6214093545737553E-002   27.833053017476256     
   9.9129672138032629E-002   28.260816496787168     
  0.10204525073032771        28.741160168187335     
  0.10496082932262278        29.259578481964930     
  0.10787640791491786        29.816108793925348     
  0.11079198650721293        30.391333653273453     
  0.11370756509950801        30.989747497232432     
  0.11662314369180309        31.590920649489103     
  0.11953872228409816        32.199700071361200     
  0.12245430087639324        32.797715227330009     
  0.12536987946868833        33.391294324774158     
  0.12828545806098340        33.963143798128193     
  0.13120103665327848        34.518521774476774     
  0.13411661524557356        35.045015940810984     
  0.13703219383786863        35.544343150258918     
  0.13994777243016371        36.010488021792305     
  0.14286335102245878        36.440628339509068     
  0.14577892961475386        36.835098824205375     
  0.14869450820704894        37.188655229563807     
  0.15161008679934401        37.502394992973883     
  0.15452566539163909        37.774309867534207     
  0.15744124398393416        38.003633604132908     
  0.16035682257622924        38.190016422216402     
  0.16327240116852432        38.334421629893356     
  0.16618797976081939        38.435865473848473     
  0.16910355835311447        38.494707430850383     
  0.17201913694540955        38.514051530873104     
  0.17493471553770462        38.491748426113993     
  0.17785029412999970        38.429538188733090     
  0.18076587272229477        38.331892696842722     
  0.18368145131458985        38.196227474088609     
  0.18659702990688493        38.023691751396861     
  0.18951260849918000        37.820982252502837     
  0.19242818709147508        37.586823884107289     
  0.19534376568377015        37.317357960435523     
  0.19825934427606523        37.023770783285478     
  0.20117492286836031        36.706062352686573     
  0.20409050146065538        36.357457971991387     
  0.20992165864524553        35.601142751869567     
  0.21575281582983569        34.764301996047571     
  0.22158397301442584        33.870821581553479     
  0.22741513019901599        32.921355094350368     
  0.23324628738360614        31.944024322775562     
  0.23907744456819630        30.935154384591954     
  0.24490860175278645        29.921732862817553     
  0.25073975893737660        28.899910492541096     
  0.25657091612196675        27.891035317377835     
  0.26240207330655690        26.894873161012981     
  0.26823323049114706        25.923564607035647     
  0.27406438767573721        24.983280711540548     
  0.27989554486032736        24.075290138465004     
  0.28572670204491751        23.211275121258986     
  0.29155785922950767        22.387024933938584     
  0.29738901641409782        21.611590265300748     
  0.30322017359868797        20.885238423279077     
  0.30905133078327812        20.208593835245242     
  0.31488248796786827        19.583740542797820     
  0.32071364515245843        19.011776892571330     
  0.32654480233704858        18.490796860171368     
  0.33237595952163873        18.020101142532543     
  0.33820711670622888        17.603638988431864     
  0.34403827389081904        17.233719194122358     
  0.34986943107540919        16.909793156579696     
  0.35570058825999934        16.638387597267577     
  0.36153174544458949        16.406766218548015     
  0.36736290262917964        16.214814601028998     
  0.37319405981376980        16.070560198256761     
  0.37902521699835995        15.959509254439558     
  0.38485637418295010        15.880545734362105     
  0.39068753136754025        15.841135823381912     
  0.39651868855213040        15.830587283486043     
  0.40234984573672056        15.844025580756240     
  0.40818100292131071        15.885080609861228     
  0.41401216010590086        15.954545605963073     
  0.41984331729049101        16.040032593563563     
  0.42567447447508117        16.141541574235866     
  0.43150563165967132        16.266897910955734     
  0.43733678884426147        16.405396043766128     
  0.44899910321344177        16.708561592000688     
  0.46066141758262208        17.058808268595268     
  0.47232373195180238        17.419660315600787     
  0.48398604632098269        17.801102538155089     
  0.49564836069016299        18.172649037440564     
  0.50731067505934335        18.542586855233978     
  0.51897298942852366        18.889467534429585     
  0.53063530379770396        19.217189182732191     
  0.54229761816688427        19.514530774047206     
  0.55395993253606457        19.780301524841647     
  0.56562224690524487        20.011904126574343     
  0.57728456127442518        20.205789209599011     
  0.58894687564360548        20.362166750706471     
  0.60060919001278579        20.480500916234327     
  0.61227150438196609        20.559336179950748     
  0.62393381875114640        20.600656147945095     
  0.63559613312032670        20.606652663246201     
  0.64725844748950701        20.573416794079691     
  0.65892076185868731        20.508403332600018     
  0.67058307622786761        20.412657810918692     
  0.68224539059704792        20.280910456898237     
  0.69390770496622822        20.124582384282999     
  0.70557001933540853        19.942947660535971     
  0.71723233370458883        19.731276166279844     
  0.72889464807376914        19.501374641415676     
  0.74055696244294944        19.253243089609569     
  0.75221927681212974        18.980039771355703     
  0.76388159118131005        18.694521918859703     
  0.77554390555049035        18.396915107665038     
  0.78720621991967066        18.081859088915579     
  0.79886853428885096        17.757371530632028     
  0.81053084865803127        17.426297737087644     
  0.82219316302721157        17.086380540502070     
  0.83385547739639188        16.737517142831301     
  0.84551779176557218        16.386671819485997     
  0.85718010613475248        16.033844583041610     
  0.86884242050393279        15.675169025468222     
  0.88050473487311309        15.315883458054032     
  0.89216704924229340        14.958208039771987     
  0.90382936361147370        14.602142788531683     
  0.92715399234983431        13.889744393635022     
  0.95047862108819492        13.193658519470469     
  0.97380324982655553        12.510738171555767     
  0.99712787856491614        11.850982415872366     
   1.0204525073032769        11.212607317353022     
   1.0437771360416375        10.600597918562016     
   1.0671017647799981        10.014918150164899     
   1.0904263935183587        9.4566548891035822     
   1.1137510222567193        8.9265528351939718     
   1.1370756509950799        8.4242449871755980     
   1.1604002797334405        7.9488681833710340     
   1.1837249084718011        7.5020431639540570     
   1.2070495372101617        7.0801834148839022     
   1.2303741659485223        6.6843840433758173     
   1.2536987946868829        6.3134226063793077     
   1.2770234234252436        5.9643915103420033     
   1.3003480521636042        5.6396488432122203     
   1.3236726809019648        5.3351502299655822     
   1.3469973096403254        5.0494078805754850     
   1.3703219383786860        4.7853358170707585     
   1.3936465671170466        4.5374442968333000     
   1.4169711958554072        4.3051312470424392     
   1.4402958245937678        4.0913871052008828     
   1.4636204533321284        3.8906762995952588     
   1.4869450820704890        3.7025701046299617     
   1.5102697108088496        3.5296732048141388     
   1.5335943395472103        3.3677002977686703     
   1.5569189682855709        3.2156857365098128     
   1.5802435970239315        3.0753285285295560     
   1.6035682257622921        2.9448425722768996     
   1.6268928545006527        2.8220535147981041     
   1.6502174832390133        2.7071750250406841     
   1.6735421119773739        2.6021127269202404     
   1.6968667407157345        2.5028794649852135     
   1.7201913694540951        2.4094755667650665     
   1.7435159981924557        2.3230123031103407     
   1.7668406269308163        2.2427140392242220     
   1.7901652556691769        2.1667477372366681     
   1.8134898844075376        2.0951137570634923     
   1.8368145131458982        2.0290563024011723     
   1.8834637706226194        1.9083251473179450     
   1.9301130280993406        1.8012482784604329     
   1.9767622855760618        1.7066891689074621     
   2.0234115430527830        1.6217804578244497     
   2.0700608005295043        1.5464842730735040     
   2.1167100580062255        1.4776439686904799     
   2.1633593154829467        1.4165407745864409     
   2.2100085729596679        1.3599879376784032     
   2.2566578304363891        1.3087894013224226     
   2.3033070879131103        1.2614007243760597     
   2.3499563453898316        1.2174397970883040     
   2.3966056028665528        1.1769556542929398     
   2.4432548603432740        1.1387145981540912     
   2.4899041178199952        1.1031506932924737     
   2.5365533752967164        1.0695449985667820     
   2.5832026327734376        1.0375616220366324     
   2.6298518902501589        1.0075838238206605     
   2.6765011477268801       0.97885693865987400     
   2.7231504052036013       0.95139634699718212     
   2.7697996626803225       0.92536663210881143     
   2.8164489201570437       0.90031657390742703     
   2.8630981776337650       0.87628463546690150     
   2.9097474351104862       0.85337726692958404     
   2.9563966925872074       0.83132023668616817     
   3.0030459500639286       0.81013126447204653     
   3.0496952075406498       0.78990932474439413     
   3.0963444650173710       0.77049536313622746     
   3.1429937224940923       0.75187553873593893     
   3.1896429799708135       0.73413772743356276     
   3.2362922374475347       0.71720231983450922     
   3.2829414949242559       0.70107643024090871     
   3.3295907524009771       0.68576260990838145     
   3.3762400098776983       0.67131674892760218     
   3.4228892673544196       0.65767540467172814     
   3.4695385248311408       0.64488362027319113     
 atom Ni   dist =  19.95551    coord    0.00000   0.00000  19.95551
   7.2889464807377011E-004  0.11426981099538334     
   1.4577892961475402E-003  0.42615443403756442     
   2.1866839442213105E-003  0.90489877809573194     
   2.9155785922950804E-003   1.5257725717151687     
   3.6444732403688503E-003   2.2672989164349349     
   4.3733678884426202E-003   3.1104609017046125     
   5.1022625365163901E-003   4.0382406113765059     
   5.8311571845901600E-003   5.0353648467913086     
   6.5600518326639299E-003   6.0882199939489192     
   7.2889464807376998E-003   7.1844095783884141     
   8.0178411288114697E-003   8.3129349741330572     
   8.7467357768852404E-003   9.4638474160703616     
   9.4756304249590112E-003   10.628286859293111     
   1.0204525073032782E-002   11.798478531400438     
   1.0933419721106553E-002   12.967176310142232     
   1.1662314369180323E-002   14.128143076993162     
   1.2391209017254094E-002   15.276170253232667     
   1.3120103665327865E-002   16.406127954415314     
   1.3848998313401636E-002   17.513806916712522     
   1.4577892961475407E-002   18.595559836203826     
   1.5306787609549177E-002   19.648230880760121     
   1.6035682257622946E-002   20.669119636691569     
   1.6764576905696715E-002   21.655945568630372     
   1.7493471553770484E-002   22.606817363459996     
   1.8222366201844253E-002   23.520308390552753     
   1.8951260849918022E-002   24.395212860596100     
   1.9680155497991791E-002   25.230518825312537     
   2.0409050146065560E-002   26.025595937879778     
   2.1137944794139329E-002   26.780122379237532     
   2.1866839442213098E-002   27.493837283634541     
   2.2595734090286868E-002   28.166790823650665     
   2.3324628738360637E-002   28.799226098740125     
   2.4053523386434406E-002   29.391250946854154     
   2.4782418034508175E-002   29.943775105949900     
   2.5511312682581944E-002   30.456832946404717     
   2.6240207330655713E-002   30.931582686209719     
   2.6969101978729482E-002   31.368736632385126     
   2.7697996626803251E-002   31.768925868624354     
   2.8426891274877020E-002   32.133667634699179     
   2.9155785922950789E-002   32.463159308865379     
   3.0613575219098330E-002   33.022637578572485     
   3.2071364515245872E-002   33.456454490607214     
   3.3529153811393410E-002   33.774238492473422     
   3.4986943107540948E-002   33.985483405959634     
   3.6444732403688486E-002   34.099106550618316     
   3.7902521699836024E-002   34.125651904388157     
   3.9360310995983562E-002   34.075081456083915     
   4.0818100292131100E-002   33.957421235601863     
   4.2275889588278638E-002   33.778336078277292     
   4.3733678884426176E-002   33.548523697770399     
   4.5191468180573714E-002   33.277644914961890     
   4.6649257476721252E-002   32.969538227786195     
   4.8107046772868790E-002   32.633590296803483     
   4.9564836069016328E-002   32.277758837948667     
   5.1022625365163866E-002   31.903857678933147     
   5.2480414661311404E-002   31.522788842666870     
   5.3938203957458943E-002   31.134622742935434     
   5.5395993253606481E-002   30.748112913804924     
   5.6853782549754019E-002   30.364803159215771     
   5.8311571845901557E-002   29.990169962402529     
   5.9769361142049095E-002   29.626265963584228     
   6.1227150438196633E-002   29.277264920443240     
   6.2684939734344178E-002   28.944277727270073     
   6.4142729030491716E-002   28.631396084668193     
   6.5600518326639254E-002   28.338089468507107     
   6.7058307622786792E-002   28.068554363414112     
   6.8516096918934330E-002   27.821554410565014     
   6.9973886215081868E-002   27.599970208254437     
   7.1431675511229406E-002   27.403697213617605     
   7.2889464807376944E-002   27.233277686231769     
   7.4347254103524482E-002   27.089186875763851     
   7.5805043399672020E-002   26.971726064285445     
   7.7262832695819558E-002   26.880081624515189     
   7.8720621991967096E-002   26.815001966224916     
   8.0178411288114634E-002   26.775633626269375     
   8.1636200584262172E-002   26.760601924875822     
   8.3093989880409710E-002   26.771671166168794     
   8.4551779176557249E-002   26.805896564036406     
   8.6009568472704787E-002   26.862135808406411     
   8.7467357768852325E-002   26.943074494075596     
   9.0382936361147401E-002   27.163900927273282     
   9.3298514953442477E-002   27.465184451457063     
   9.6214093545737553E-002   27.833053017478761     
   9.9129672138032629E-002   28.260816496789538     
  0.10204525073032771        28.741160168189538     
  0.10496082932262278        29.259578481966766     
  0.10787640791491786        29.816108793926766     
  0.11079198650721293        30.391333653274415     
  0.11370756509950801        30.989747497232905     
  0.11662314369180309        31.590920649489050     
  0.11953872228409816        32.199700071360581     
  0.12245430087639324        32.797715227328794     
  0.12536987946868833        33.391294324772311     
  0.12828545806098340        33.963143798125671     
  0.13120103665327848        34.518521774473548     
  0.13411661524557356        35.045015940807012     
  0.13703219383786863        35.544343150254164     
  0.13994777243016371        36.010488021786742     
  0.14286335102245878        36.440628339502645     
  0.14577892961475386        36.835098824198070     
  0.14869450820704894        37.188655229555572     
  0.15161008679934401        37.502394992964689     
  0.15452566539163909        37.774309867524011     
  0.15744124398393416        38.003633604121674     
  0.16035682257622924        38.190016422204096     
  0.16327240116852432        38.334421629879941     
  0.16618797976081939        38.435865473833914     
  0.16910355835311447        38.494707430834644     
  0.17201913694540955        38.514051530856150     
  0.17493471553770462        38.491748426095789     
  0.17785029412999970        38.429538188713607     
  0.18076587272229477        38.331892696821917     
  0.18368145131458985        38.196227474066454     
  0.18659702990688493        38.023691751373320     
  0.18951260849918000        37.820982252477876     
  0.19242818709147508        37.586823884080879     
  0.19534376568377015        37.317357960407627     
  0.19825934427606523        37.023770783256069     
  0.20117492286836031        36.706062352655621     
  0.20409050146065538        36.357457971958866     
  0.20992165864524553        35.601142751833812     
  0.21575281582983569        34.764301996008477     
  0.22158397301442584        33.870821581510945     
  0.22741513019901599        32.921355094304296     
  0.23324628738360614        31.944024322725873     
  0.23907744456819630        30.935154384538560     
  0.24490860175278645        29.921732862760390     
  0.25073975893737660        28.899910492480100     
  0.25657091612196675        27.891035317312955     
  0.26240207330655690        26.894873160944179     
  0.26823323049114706        25.923564606962895     
  0.27406438767573721        24.983280711464410     
  0.27989554486032736        24.075290138386041     
  0.28572670204491751        23.211275121177241     
  0.29155785922950767        22.387024933854676     
  0.29738901641409782        21.611590265215376     
  0.30322017359868797        20.885238423192337     
  0.30905133078327812        20.208593835157238     
  0.31488248796786827        19.583740542708636     
  0.32071364515245843        19.011776892481063     
  0.32654480233704858        18.490796860080103     
  0.33237595952163873        18.020101142440364     
  0.33820711670622888        17.603638988338847     
  0.34403827389081904        17.233719194028573     
  0.34986943107540919        16.909793156485215     
  0.35570058825999934        16.638387597172450     
  0.36153174544458949        16.406766218452301     
  0.36736290262917964        16.214814600932737     
  0.37319405981376980        16.070560198159992     
  0.37902521699835995        15.959509254342310     
  0.38485637418295010        15.880545734264393     
  0.39068753136754025        15.841135823283743     
  0.39651868855213040        15.830587283387414     
  0.40234984573672056        15.844025580657139     
  0.40818100292131071        15.885080609761623     
  0.41401216010590086        15.954545605862934     
  0.41984331729049101        16.040032593462840     
  0.42567447447508117        16.141541574134489     
  0.43150563165967132        16.266897910853633     
  0.43733678884426147        16.405396043663199     
  0.44899910321344177        16.708561591895776     
  0.46066141758262208        17.058808268486860     
  0.47232373195180238        17.419660315485341     
  0.48398604632098269        17.801102538028815     
  0.49564836069016299        18.172649037301383     
  0.50731067505934335        18.542586855080867     
  0.51897298942852366        18.889467534261566     
  0.53063530379770396        19.217189182548363     
  0.54229761816688427        19.514530773846744     
  0.55395993253606457        19.780301524623809     
  0.56562224690524487        20.011904126338482     
  0.57728456127442518        20.205789209344580     
  0.58894687564360548        20.362166750433026     
  0.60060919001278579        20.480500915941562     
  0.61227150438196609        20.559336179638471     
  0.62393381875114640        20.600656147613247     
  0.63559613312032670        20.606652662894884     
  0.64725844748950701        20.573416793710514     
  0.65892076185868731        20.508403332217323     
  0.67058307622786761        20.412657810527111     
  0.68224539059704792        20.280910456499900     
  0.69390770496622822        20.124582383878540     
  0.70557001933540853        19.942947660125956     
  0.71723233370458883        19.731276165864706     
  0.72889464807376914        19.501374640995735     
  0.74055696244294944        19.253243089185020     
  0.75221927681212974        18.980039770926599     
  0.76388159118131005        18.694521918425949     
  0.77554390555049035        18.396915107226370     
  0.78720621991967066        18.081859088471596     
  0.79886853428885096        17.757371530182134     
  0.81053084865803127        17.426297736631071     
  0.82219316302721157        17.086380540037847     
  0.83385547739639188        16.737517142356534     
  0.84551779176557218        16.386671818994241     
  0.85718010613475248        16.033844582526200     
  0.86884242050393279        15.675169024925671     
  0.88050473487311309        15.315883457482766     
  0.89216704924229340        14.958208039170556     
  0.90382936361147370        14.602142787898755     
  0.92715399234983431        13.889744392935732     
  0.95047862108819492        13.193658518701385     
  0.97380324982655553        12.510738170714809     
  0.99712787856491614        11.850982414958999     
   1.0204525073032769        11.212607316370578     
   1.0437771360416375        10.600597917534147     
   1.0671017647799981        10.014918149105867     
   1.0904263935183587        9.4566548880159562     
   1.1137510222567193        8.9265528340788070     
   1.1370756509950799        8.4242449860322619     
   1.1604002797334405        7.9488681821970673     
   1.1837249084718011        7.5020431627450517     
   1.2070495372101617        7.0801834136308370     
   1.2303741659485223        6.6843840420456440     
   1.2536987946868829        6.3134226049500342     
   1.2770234234252436        5.9643915088053170     
   1.3003480521636042        5.6396488415614510     
   1.3236726809019648        5.3351502281958201     
   1.3469973096403254        5.0494078786837209     
   1.3703219383786860        4.7853358150560181     
   1.3936465671170466        4.5374442946997293     
   1.4169711958554072        4.3051312449542660     
   1.4402958245937678        4.0913871030307654     
   1.4636204533321284        3.8906762973420204     
   1.4869450820704890        3.7025701022912609     
   1.5102697108088496        3.5296732023864172     
   1.5335943395472103        3.3677002952470545     
   1.5569189682855709        3.2156857338880944     
   1.5802435970239315        3.0753285257967931     
   1.6035682257622921        2.9448425694021565     
   1.6268928545006527        2.8220535117726051     
   1.6502174832390133        2.7071750218566124     
   1.6735421119773739        2.6021127235707397     
   1.6968667407157345        2.5028794614644907     
   1.7201913694540951        2.4094755630684266     
   1.7435159981924557        2.3230122992343185     
   1.7668406269308163        2.2427140351703363     
   1.7901652556691769        2.1667477330287972     
   1.8134898844075376        2.0951137526997270     
   1.8368145131458982        2.0290562978781512     
   1.8834637706226194        1.9083251424600771     
   1.9301130280993406        1.8012482732347208     
   1.9767622855760618        1.7066891632307639     
   2.0234115430527830        1.6217804516174532     
   2.0700608005295043        1.5464842662934541     
   2.1167100580062255        1.4776439613050496     
   2.1633593154829467        1.4165407666144696     
   2.2100085729596679        1.3599879291292274     
   2.2566578304363891        1.3087893921598845     
   2.3033070879131103        1.2614007145472652     
   2.3499563453898316        1.2174397864808282     
   2.3966056028665528        1.1769556427983892     
   2.4432548603432740        1.1387145857056964     
   2.4899041178199952        1.1031506798342481     
   2.5365533752967164        1.0695449840996643     
   2.5832026327734376        1.0375616065490674     
   2.6298518902501589        1.0075838072482233     
   2.6765011477268801       0.97885692091821930     
   2.7231504052036013       0.95139632793384254     
   2.7697996626803225       0.92536661157534761     
   2.8164489201570437       0.90031655180140702     
   2.8630981776337650       0.87628461169695360     
   2.9097474351104862       0.85337724146861538     
   2.9563966925872074       0.83132020949014884     
   3.0030459500639286       0.81013123543327448     
   3.0496952075406498       0.78990929373011720     
   3.0963444650173710       0.77049532993180603     
   3.1429937224940923       0.75187550313063356     
   3.1896429799708135       0.73413768926927114     
   3.2362922374475347       0.71720227896450917     
   3.2829414949242559       0.70107638659225735     
   3.3295907524009771       0.68576256338621688     
   3.3762400098776983       0.67131669936045901     
   3.4228892673544196       0.65767535185706683     
   3.4695385248311408       0.64488356391319568     
 atom Ni   dist =  26.60734    coord    0.00000   0.00000  26.60734
   7.2889464807377011E-004  0.11426981099520400     
   1.4577892961475402E-003  0.42615443403684705     
   2.1866839442213105E-003  0.90489877809411801     
   2.9155785922950804E-003   1.5257725717122996     
   3.6444732403688503E-003   2.2672989164304522     
   4.3733678884426202E-003   3.1104609016981581     
   5.1022625365163901E-003   4.0382406113677218     
   5.8311571845901600E-003   5.0353648467798369     
   6.5600518326639299E-003   6.0882199939344019     
   7.2889464807376998E-003   7.1844095783704933     
   8.0178411288114697E-003   8.3129349741113767     
   8.7467357768852404E-003   9.4638474160445654     
   9.4756304249590112E-003   10.628286859262840     
   1.0204525073032782E-002   11.798478531365339     
   1.0933419721106553E-002   12.967176310101948     
   1.1662314369180323E-002   14.128143076947339     
   1.2391209017254094E-002   15.276170253180949     
   1.3120103665327865E-002   16.406127954357352     
   1.3848998313401636E-002   17.513806916647955     
   1.4577892961475407E-002   18.595559836132303     
   1.5306787609549177E-002   19.648230880681293     
   1.6035682257622946E-002   20.669119636605085     
   1.6764576905696715E-002   21.655945568535877     
   1.7493471553770484E-002   22.606817363357141     
   1.8222366201844253E-002   23.520308390441190     
   1.8951260849918022E-002   24.395212860475478     
   1.9680155497991791E-002   25.230518825182511     
   2.0409050146065560E-002   26.025595937740004     
   2.1137944794139329E-002   26.780122379087658     
   2.1866839442213098E-002   27.493837283474221     
   2.2595734090286868E-002   28.166790823479559     
   2.3324628738360637E-002   28.799226098557888     
   2.4053523386434406E-002   29.391250946660445     
   2.4782418034508175E-002   29.943775105744376     
   2.5511312682581944E-002   30.456832946187038     
   2.6240207330655713E-002   30.931582685979549     
   2.6969101978729482E-002   31.368736632142127     
   2.7697996626803251E-002   31.768925868368186     
   2.8426891274877020E-002   32.133667634429507     
   2.9155785922950789E-002   32.463159308581872     
   3.0613575219098330E-002   33.022637578260309     
   3.2071364515245872E-002   33.456454490265045     
   3.3529153811393410E-002   33.774238492099947     
   3.4986943107540948E-002   33.985483405553559     
   3.6444732403688486E-002   34.099106550178377     
   3.7902521699836024E-002   34.125651903913038     
   3.9360310995983562E-002   34.075081455572381     
   4.0818100292131100E-002   33.957421235052657     
   4.2275889588278638E-002   33.778336077689183     
   4.3733678884426176E-002   33.548523697142180     
   4.5191468180573714E-002   33.277644914292345     
   4.6649257476721252E-002   32.969538227074146     
   4.8107046772868790E-002   32.633590296047750     
   4.9564836069016328E-002   32.277758837148106     
   5.1022625365163866E-002   31.903857678086617     
   5.2480414661311404E-002   31.522788841773252     
   5.3938203957458943E-002   31.134622741993631     
   5.5395993253606481E-002   30.748112912813848     
   5.6853782549754019E-002   30.364803158174336     
   5.8311571845901557E-002   29.990169961309750     
   5.9769361142049095E-002   29.626265962439049     
   6.1227150438196633E-002   29.277264919244661     
   6.2684939734344178E-002   28.944277726017120     
   6.4142729030491716E-002   28.631396083359903     
   6.5600518326639254E-002   28.338089467142545     
   6.7058307622786792E-002   28.068554361992366     
   6.8516096918934330E-002   27.821554409085191     
   6.9973886215081868E-002   27.599970206715678     
   7.1431675511229406E-002   27.403697212019065     
   7.2889464807376944E-002   27.233277684572634     
   7.4347254103524482E-002   27.089186874043328     
   7.5805043399672020E-002   26.971726062502775     
   7.7262832695819558E-002   26.880081622669628     
   7.8720621991967096E-002   26.815001964315762     
   8.0178411288114634E-002   26.775633624295942     
   8.1636200584262172E-002   26.760601922837452     
   8.3093989880409710E-002   26.771671164064859     
   8.4551779176557249E-002   26.805896561867893     
   8.6009568472704787E-002   26.862135806192040     
   8.7467357768852325E-002   26.943074491815512     
   9.0382936361147401E-002   27.163900924922345     
   9.3298514953442477E-002   27.465184449016185     
   9.6214093545737553E-002   27.833053014949034     
   9.9129672138032629E-002   28.260816494172225     
  0.10204525073032771        28.741160165486100     
  0.10496082932262278        29.259578479227681     
  0.10787640791491786        29.816108791158523     
  0.11079198650721293        30.391333650481663     
  0.11370756509950801        30.989747494420378     
  0.11662314369180309        31.590920646661562     
  0.11953872228409816        32.199700068523022     
  0.12245430087639324        32.797715224486097     
  0.12536987946868833        33.391294321929479     
  0.12828545806098340        33.963143795287749     
  0.13120103665327848        34.518521771645602     
  0.13411661524557356        35.045015937994158     
  0.13703219383786863        35.544343147461518     
  0.13994777243016371        36.010488019019441     
  0.14286335102245878        36.440628336765819     
  0.14577892961475386        36.835098821496850     
  0.14869450820704894        37.188655226895079     
  0.15161008679934401        37.502394990350020     
  0.15452566539163909        37.774309864960230     
  0.15744124398393416        38.003633601613807     
  0.16035682257622924        38.190016419757121     
  0.16327240116852432        38.334421627498791     
  0.16618797976081939        38.435865471523449     
  0.16910355835311447        38.494707428599654     
  0.17201913694540955        38.514051528701344     
  0.17493471553770462        38.491748424025786     
  0.17785029412999970        38.429538186732934     
  0.18076587272229477        38.331892694935000     
  0.18368145131458985        38.196227472277585     
  0.18659702990688493        38.023691749686698     
  0.18951260849918000        37.820982250897544     
  0.19242818709147508        37.586823882610759     
  0.19534376568377015        37.317357959051492     
  0.19825934427606523        37.023770782017522     
  0.20117492286836031        36.706062351538122     
  0.20409050146065538        36.357457970965697     
  0.20992165864524553        35.601142751098408     
  0.21575281582983569        34.764301995541700     
  0.22158397301442584        33.870821581321970     
  0.22741513019901599        32.921355094400511     
  0.23324628738360614        31.944024323112707     
  0.23907744456819630        30.935154385219366     
  0.24490860175278645        29.921732863736331     
  0.25073975893737660        28.899910493750014     
  0.25657091612196675        27.891035318873207     
  0.26240207330655690        26.894873162788539     
  0.26823323049114706        25.923564609082387     
  0.27406438767573721        24.983280713709451     
  0.27989554486032736        24.075290140606587     
  0.28572670204491751        23.211275123346539     
  0.29155785922950767        22.387024935808562     
  0.29738901641409782        21.611590266769692     
  0.30322017359868797        20.885238424307211     
  0.30905133078327812        20.208593835793241     
  0.31488248796786827        19.583740542826913     
  0.32071364515245843        19.011776892043478     
  0.32654480233704858        18.490796859049343     
  0.33237595952163873        18.020101140780092     
  0.33820711670622888        17.603638986013831     
  0.34403827389081904        17.233719191004806     
  0.34986943107540919        16.909793152730067     
  0.35570058825999934        16.638387592654784     
  0.36153174544458949        16.406766213142610     
  0.36736290262917964        16.214814594803290     
  0.37319405981376980        16.070560191184931     
  0.37902521699835995        15.959509246497820     
  0.38485637418295010        15.880545725528815     
  0.39068753136754025        15.841135813637706     
  0.39651868855213040        15.830587272813972     
  0.40234984573672056        15.844025569141898     
  0.40818100292131071        15.885080597292879     
  0.41401216010590086        15.954545592431813     
  0.41984331729049101        16.040032579063400     
  0.42567447447508117        16.141541558763883     
  0.43150563165967132        16.266897894512223     
  0.43733678884426147        16.405396026354705     
  0.44899910321344177        16.708561572678299     
  0.46066141758262208        17.058808247651097     
  0.47232373195180238        17.419660293805194     
  0.48398604632098269        17.801102516338251     
  0.49564836069016299        18.172649016018571     
  0.50731067505934335        18.542586834373125     
  0.51897298942852366        18.889467514281101     
  0.53063530379770396        19.217189163430071     
  0.54229761816688427        19.514530755705977     
  0.55395993253606457        19.780301507554359     
  0.56562224690524487        20.011904110410406     
  0.57728456127442518        20.205789194602112     
  0.58894687564360548        20.362166736892402     
  0.60060919001278579        20.480500903588929     
  0.61227150438196609        20.559336168427798     
  0.62393381875114640        20.600656137464174     
  0.63559613312032670        20.606652653690432     
  0.64725844748950701        20.573416784968682     
  0.65892076185868731        20.508403322792383     
  0.67058307622786761        20.412657799212710     
  0.68224539059704792        20.280910442684366     
  0.69390770496622822        20.124582367302693     
  0.70557001933540853        19.942947640553470     
  0.71723233370458883        19.731276143084223     
  0.72889464807376914        19.501374614822975     
  0.74055696244294944        19.253243059464900     
  0.75221927681212974        18.980039737535328     
  0.76388159118131005        18.694521881273172     
  0.77554390555049035        18.396915066257247     
  0.78720621991967066        18.081859043668938     
  0.79886853428885096        17.757371481568502     
  0.81053084865803127        17.426297684270889     
  0.82219316302721157        17.086380484039537     
  0.83385547739639188        16.737517083295234     
  0.84551779176557218        16.386671758288021     
  0.85718010613475248        16.033844521652050     
  0.86884242050393279        15.675168964585007     
  0.88050473487311309        15.315883397920837     
  0.89216704924229340        14.958207980599960     
  0.90382936361147370        14.602142730497510     
  0.92715399234983431        13.889744338258348     
  0.95047862108819492        13.193658466991506     
  0.97380324982655553        12.510738121862326     
  0.99712787856491614        11.850982368465486     
   1.0204525073032769        11.212607270803687     
   1.0437771360416375        10.600597866576955     
   1.0671017647799981        10.014918088636309     
   1.0904263935183587        9.4566548166976698     
   1.1137510222567193        8.9265527509148956     
   1.1370756509950799        8.4242448903989846     
   1.1604002797334405        7.9488680738774598     
   1.1837249084718011        7.5020430419625930     
   1.2070495372101617        7.0801832816919603     
   1.2303741659485223        6.6843839059955750     
   1.2536987946868829        6.3134224691406837     
   1.2770234234252436        5.9643913742634869     
   1.3003480521636042        5.6396487088862601     
   1.3236726809019648        5.3351500975246058     
   1.3469973096403254        5.0494077496579246     
   1.3703219383786860        4.7853356867874819     
   1.3936465671170466        4.5374441650320394     
   1.4169711958554072        4.3051310732009549     
   1.4402958245937678        4.0913869185319962     
   1.4636204533321284        3.8906760990961624     
   1.4869450820704890        3.7025698895302708     
   1.5102697108088496        3.5296729745925521     
   1.5335943395472103        3.3677000521695581     
   1.5569189682855709        3.2156854755598983     
   1.5802435970239315        3.0753282533550261     
   1.6035682257622921        2.9448422888461838     
   1.6268928545006527        2.8220532235885738     
   1.6502174832390133        2.7071747262467203     
   1.6735421119773739        2.6021124204354371     
   1.6968667407157345        2.5028791503846062     
   1.7201913694540951        2.4094752432874826     
   1.7435159981924557        2.3230119696400897     
   1.7668406269308163        2.2427136933926106     
   1.7901652556691769        2.1667473713084484     
   1.8134898844075376        2.0951133693209534     
   1.8368145131458982        2.0290558913937744     
   1.8834637706226194        1.9083246865784216     
   1.9301130280993406        1.8012477657957557     
   1.9767622855760618        1.7066886132478436     
   2.0234115430527830        1.6217798664550687     
   2.0700608005295043        1.5464836439555385     
   2.1167100580062255        1.4776432965507882     
   2.1633593154829467        1.4165400415731357     
   2.2100085729596679        1.3599871271729924     
   2.2566578304363891        1.3087885061535394     
   2.3033070879131103        1.2613997401813077     
   2.3499563453898316        1.2174387327112002     
   2.3966056028665528        1.1769545162181616     
   2.4432548603432740        1.1387133813280907     
   2.4899041178199952        1.1031493885518688     
   2.5365533752967164        1.0695435813847798     
   2.5832026327734376        1.0375600693465110     
   2.6298518902501589        1.0075821238378471     
   2.6765011477268801       0.97885508278066191     
   2.7231504052036013       0.95139434218431163     
   2.7697996626803225       0.92536448214684131     
   2.8164489201570437       0.90031426851823693     
   2.8630981776337650       0.87628215927181319     
   2.9097474351104862       0.85337458671468136     
   2.9563966925872074       0.83131732053208063     
   3.0030459500639286       0.81012809272277508     
   3.0496952075406498       0.78990588078396851     
   3.0963444650173710       0.77049164689876570     
   3.1429937224940923       0.75187154607402029     
   3.1896429799708135       0.73413343824924993     
   3.2362922374475347       0.71719770792960846     
   3.2829414949242559       0.70107145003815896     
   3.3295907524009771       0.68575721650681909     
   3.3762400098776983       0.67131090952921479     
   3.4228892673544196       0.65766908884283126     
   3.4695385248311408       0.64487681462930957     
 atom Ni   dist =  33.25918    coord    0.00000   0.00000  33.25918
   7.2889464807377011E-004  0.11426981066913826     
   1.4577892961475402E-003  0.42615443273258369     
   2.1866839442213105E-003  0.90489877515952422     
   2.9155785922950804E-003   1.5257725664952408     
   3.6444732403688503E-003   2.2672989082787920     
   4.3733678884426202E-003   3.1104608899597563     
   5.1022625365163901E-003   4.0382405953904348     
   5.8311571845901600E-003   5.0353648259115165     
   6.5600518326639299E-003   6.0882199675228961     
   7.2889464807376998E-003   7.1844095457636437     
   8.0178411288114697E-003   8.3129349346570169     
   8.7467357768852404E-003   9.4638473690905265     
   9.4756304249590112E-003   10.628286804156941     
   1.0204525073032782E-002   11.798478467455393     
   1.0933419721106553E-002   12.967176236735758     
   1.1662314369180323E-002   14.128142993472697     
   1.2391209017254094E-002   15.276170158945641     
   1.3120103665327865E-002   16.406127848709147     
   1.3848998313401636E-002   17.513806798934617     
   1.4577892961475407E-002   18.595559705701579     
   1.5306787609549177E-002   19.648230736880919     
   1.6035682257622946E-002   20.669119478782783     
   1.6764576905696715E-002   21.655945396039353     
   1.7493471553770484E-002   22.606817175534090     
   1.8222366201844253E-002   23.520308186639287     
   1.8951260849918022E-002   24.395212640042388     
   1.9680155497991791E-002   25.230518587465873     
   2.0409050146065560E-002   26.025595682087445     
   2.1137944794139329E-002   26.780122104846786     
   2.1866839442213098E-002   27.493836989992626     
   2.2595734090286868E-002   28.166790510104811     
   2.3324628738360637E-002   28.799225764637534     
   2.4053523386434406E-002   29.391250591542015     
   2.4782418034508175E-002   29.943774728775374     
   2.5511312682581944E-002   30.456832546714953     
   2.6240207330655713E-002   30.931582263351835     
   2.6969101978729482E-002   31.368736185706226     
   2.7697996626803251E-002   31.768925397471513     
   2.8426891274877020E-002   32.133667138419447     
   2.9155785922950789E-002   32.463158786805785     
   3.0613575219098330E-002   33.022637002994159     
   3.2071364515245872E-002   33.456453858897959     
   3.3529153811393410E-002   33.774237802020828     
   3.4986943107540948E-002   33.985482654151063     
   3.6444732403688486E-002   34.099105734840897     
   3.7902521699836024E-002   34.125651022060914     
   3.9360310995983562E-002   34.075080504597238     
   4.0818100292131100E-002   33.957420212344573     
   4.2275889588278638E-002   33.778334980637858     
   4.3733678884426176E-002   33.548522523136931     
   4.5191468180573714E-002   33.277643660722120     
   4.6649257476721252E-002   32.969536891327451     
   4.8107046772868790E-002   32.633588875512686     
   4.9564836069016328E-002   32.277757329212299     
   5.1022625365163866E-002   31.903856080137253     
   5.2480414661311404E-002   31.522787151197008     
   5.3938203957458943E-002   31.134620956176690     
   5.5395993253606481E-002   30.748111029141874     
   5.6853782549754019E-002   30.364801174034216     
   5.8311571845901557E-002   29.990167874130563     
   5.9769361142049095E-002   29.626263769607043     
   6.1227150438196633E-002   29.277262618145393     
   6.2684939734344178E-002   28.944275314035441     
   6.4142729030491716E-002   28.631393557879957     
   6.5600518326639254E-002   28.338086825547723     
   6.7058307622786792E-002   28.068551601665288     
   6.8516096918934330E-002   27.821551527407685     
   6.9973886215081868E-002   27.599967201068747     
   7.1431675511229406E-002   27.403694079782866     
   7.2889464807376944E-002   27.233274423126456     
   7.4347254103524482E-002   27.089183480765566     
   7.5805043399672020E-002   26.971722534770894     
   7.7262832695819558E-002   26.880077957860159     
   7.8720621991967096E-002   26.814998159804258     
   8.0178411288114634E-002   26.775629677456962     
   8.1636200584262172E-002   26.760597831044535     
   8.3093989880409710E-002   26.771666924690500     
   8.4551779176557249E-002   26.805892172283524     
   8.6009568472704787E-002   26.862131263767967     
   8.7467357768852325E-002   26.943069793920955     
   9.0382936361147401E-002   27.163895908189833     
   9.3298514953442477E-002   27.465179102908479     
   9.6214093545737553E-002   27.833047328919029     
   9.9129672138032629E-002   28.260810457662565     
  0.10204525073032771        28.741153767928747     
  0.10496082932262278        29.259571710043573     
  0.10787640791491786        29.816101639757111     
  0.11079198650721293        30.391326106260546     
  0.11370756509950801        30.989739546764902     
  0.11662314369180309        31.590912284944412     
  0.11953872228409816        32.199691282103828     
  0.12245430087639324        32.797706002711038     
  0.12536987946868833        33.391284654130864     
  0.12828545806098340        33.963133670783648     
  0.13120103665327848        34.518511179554146     
  0.13411661524557356        35.045004867391860     
  0.13703219383786863        35.544331587607708     
  0.13994777243016371        36.010475959160210     
  0.14286335102245878        36.440615766133838     
  0.14577892961475386        36.835085729311189     
  0.14869450820704894        37.188641602360988     
  0.15161008679934401        37.502380822545867     
  0.15452566539163909        37.774295142952944     
  0.15744124398393416        38.003618314559681     
  0.16035682257622924        38.190000556799312     
  0.16327240116852432        38.334405177767188     
  0.16618797976081939        38.435848424134591     
  0.16910355835311447        38.494689772656649     
  0.17201913694540955        38.514033253293732     
  0.17493471553770462        38.491729518229455     
  0.17785029412999970        38.429518639610031     
  0.18076587272229477        38.331872495533808     
  0.18368145131458985        38.196206609632448     
  0.18659702990688493        38.023670212817891     
  0.18951260849918000        37.820960028811200     
  0.19242818709147508        37.586800964298746     
  0.19534376568377015        37.317334333491324     
  0.19825934427606523        37.023746438172267     
  0.20117492286836031        36.706037278356284     
  0.20409050146065538        36.357432157381119     
  0.20992165864524553        35.601115423450779     
  0.21575281582983569        34.764273109388007     
  0.22158397301442584        33.870791092098351     
  0.22741513019901599        32.921322958289196     
  0.23324628738360614        31.943990495639980     
  0.23907744456819630        30.935118821457838     
  0.24490860175278645        29.921695518906212     
  0.25073975893737660        28.899871323503454     
  0.25657091612196675        27.890994277806847     
  0.26240207330655690        26.894830205292724     
  0.26823323049114706        25.923519689334075     
  0.27406438767573721        24.983233785665124     
  0.27989554486032736        24.075241157995166     
  0.28572670204491751        23.211224039662305     
  0.29155785922950767        22.386971704304081     
  0.29738901641409782        21.611534840448694     
  0.30322017359868797        20.885180755917556     
  0.30905133078327812        20.208533877819782     
  0.31488248796786827        19.583678247484439     
  0.32071364515245843        19.011712210098846     
  0.32654480233704858        18.490729741722401     
  0.33237595952163873        18.020031539443366     
  0.33820711670622888        17.603566851506773     
  0.34403827389081904        17.233644473378448     
  0.34986943107540919        16.909715802572723     
  0.35570058825999934        16.638307560313873     
  0.36153174544458949        16.406683448721985     
  0.36736290262917964        16.214729048160589     
  0.37319405981376980        16.070471811928929     
  0.37902521699835995        15.959417983985757     
  0.38485637418295010        15.880451528863746     
  0.39068753136754025        15.841038631665846     
  0.39651868855213040        15.830487054122035     
  0.40234984573672056        15.843922262054438     
  0.40818100292131071        15.884974149869635     
  0.41401216010590086        15.954435953824740     
  0.41984331729049101        16.039919697285182     
  0.42567447447508117        16.141425381037550     
  0.43150563165967132        16.266778368074334     
  0.43733678884426147        16.405273098749252     
  0.44899910321344177        16.708431681063121     
  0.46066141758262208        17.058671173945971     
  0.47232373195180238        17.419515816818784     
  0.48398604632098269        17.800950411660406     
  0.49564836069016299        18.172489055912557     
  0.50731067505934335        18.542418785505649     
  0.51897298942852366        18.889291138298898     
  0.53063530379770396        19.217004221529454     
  0.54229761816688427        19.514337006399845     
  0.55395993253606457        19.780098706896144     
  0.56562224690524487        20.011692011390448     
  0.57728456127442518        20.205567547103119     
  0.58894687564360548        20.361935287645007     
  0.60060919001278579        20.480259398552985     
  0.61227150438196609        20.559084351949053     
  0.62393381875114640        20.600393749771179     
  0.63559613312032670        20.606379429217924     
  0.64725844748950701        20.573132451178459     
  0.65892076185868731        20.508107602268652     
  0.67058307622786761        20.412350409526699     
  0.68224539059704792        20.280591096258785     
  0.69390770496622822        20.124250725159428     
  0.70557001933540853        19.942603447315928     
  0.71723233370458883        19.730919092087369     
  0.72889464807376914        19.501004396354894     
  0.74055696244294944        19.252859361951494     
  0.75221927681212974        18.979642244748099     
  0.76388159118131005        18.694110272263238     
  0.77554390555049035        18.396489015289365     
  0.78720621991967066        18.081418218999417     
  0.79886853428885096        17.756915545690298     
  0.81053084865803127        17.425826303503332     
  0.82219316302721157        17.085893316548802     
  0.83385547739639188        16.737013777187833     
  0.84551779176557218        16.386151955444102     
  0.85718010613475248        16.033307857605223     
  0.86884242050393279        15.674615068402030     
  0.88050473487311309        15.315311892081400     
  0.89216704924229340        14.957618480876480     
  0.90382936361147370        14.601534843742137     
  0.92715399234983431        13.889098474596029     
  0.95047862108819492        13.192972980435638     
  0.97380324982655553        12.510011309877536     
  0.99712787856491614        11.850212471191181     
   1.0204525073032769        11.211792473589973     
   1.0437771360416375        10.599736286618358     
   1.0671017647799981        10.014007777717914     
   1.0904263935183587        9.4556937593767376     
   1.1137510222567193        8.9255388626205185     
   1.1370756509950799        8.4231760152502275     
   1.1604002797334405        7.9477419821885960     
   1.1837249084718011        7.5008574350652752     
   1.2070495372101617        7.0789357946283857     
   1.2303741659485223        6.6830720670082711     
   1.2536987946868829        6.3120437147094792     
   1.2770234234252436        5.9629430381043651     
   1.3003480521636042        5.6381280208183329     
   1.3236726809019648        5.3335542155039999     
   1.3469973096403254        5.0477337392988764     
   1.3703219383786860        4.7835805303918555     
   1.3936465671170466        4.5356047665455952     
   1.4169711958554072        4.3032041943103501     
   1.4402958245937678        4.0893692043002661     
   1.4636204533321284        3.8885640719504422     
   1.4869450820704890        3.7003599468226769     
   1.5102697108088496        3.5273613980203047     
   1.5335943395472103        3.3652829991608697     
   1.5569189682855709        3.2131589833693259     
   1.5802435970239315        3.0726882315533386     
   1.6035682257622921        2.9420844941198703     
   1.6268928545006527        2.8191732687668600     
   1.6502174832390133        2.7041680803052404     
   1.6735421119773739        2.5989744046303418     
   1.6968667407157345        2.4996049216665264     
   1.7201913694540951        2.4060597951787583     
   1.7435159981924557        2.3194501327205268     
   1.7668406269308163        2.2390001498454950     
   1.7901652556691769        2.1628766010699714     
   1.8134898844075376        2.0910796663391724     
   1.8368145131458982        2.0248533562764810     
   1.8834637706226194        1.9037660123362399     
   1.9301130280993406        1.7963070620999944     
   1.9767622855760618        1.7013383986819461     
   2.0234115430527830        1.6159906342307127     
   2.0700608005295043        1.5402238713931367     
   2.1167100580062255        1.4708795386238638     
   2.1633593154829467        1.4092368807018028     
   2.2100085729596679        1.3521066763254350     
   2.2566578304363891        1.3002904092399528     
   2.3033070879131103        1.2522412057826220     
   2.3499563453898316        1.2075744080390676     
   2.3966056028665528        1.1663360386400585     
   2.4432548603432740        1.1272893881995767     
   2.4899041178199952        1.0908652556077452     
   2.5365533752967164        1.0563414065590730     
   2.5832026327734376        1.0233784044130310     
   2.6298518902501589       0.99235590714151678     
   2.6765011477268801       0.96251521969721010     
   2.7231504052036013       0.93386762733173423     
   2.7697996626803225       0.90657329190459368     
   2.8164489201570437       0.88017651128697683     
   2.8630981776337650       0.85471067612401264     
   2.9097474351104862       0.83027717206110796     
   2.9563966925872074       0.80659636546644708     
   3.0030459500639286       0.78367711617557267     
   3.0496952075406498       0.76162190206913460     
   3.0963444650173710       0.74025338105918415     
   3.1429937224940923       0.71956276854857149     
   3.1896429799708135       0.69961908081053559     
   3.2362922374475347       0.68034728855738646     
   3.2829414949242559       0.66173449584821853     
   3.3295907524009771       0.64378754240131419     
   3.3762400098776983       0.62654107742140031     
   3.4228892673544196       0.60993521000749573     
   3.4695385248311408       0.59399246167866926     
