 atom Ni   dist =   0.00000  coord =    0.00000   0.00000   0.00000
   7.2889464807377011E-004  -76678.662343208358     
   1.4577892961475402E-003  -38262.020467678609     
   2.1866839442213105E-003  -25455.456175625561     
   2.9155785922950804E-003  -19051.504882688187     
   3.6444732403688503E-003  -15208.774649280571     
   4.3733678884426202E-003  -12646.607383836121     
   5.1022625365163901E-003  -10816.229529668683     
   5.8311571845901600E-003  -9443.3073954002975     
   6.5600518326639299E-003  -8375.3251593929781     
   7.2889464807376998E-003  -7520.8303827839482     
   8.0178411288114697E-003  -6821.5289124344863     
   8.7467357768852404E-003  -6238.8660258010514     
   9.4756304249590112E-003  -5745.7268646700786     
   1.0204525073032782E-002  -5322.9683711473645     
   1.0933419721106553E-002  -4956.5897933138203     
   1.1662314369180323E-002  -4635.9686338768288     
   1.2391209017254094E-002  -4353.0728512549213     
   1.3120103665327865E-002  -4101.5634458226559     
   1.3848998313401636E-002  -3876.5389767419588     
   1.4577892961475407E-002  -3674.0102060911236     
   1.5306787609549177E-002  -3490.7842490513540     
   1.6035682257622946E-002  -3324.2136568359911     
   1.6764576905696715E-002  -3172.1315060615775     
   1.7493471553770484E-002  -3032.7321753415627     
   1.8222366201844253E-002  -2904.9126569224863     
   1.8951260849918022E-002  -2786.1285506198237     
   1.9680155497991791E-002  -2676.5422931394851     
   2.0409050146065560E-002  -2574.7965236562286     
   2.1137944794139329E-002  -2480.0787758933407     
   2.1866839442213098E-002  -2391.6913798573637     
   2.2595734090286868E-002  -2308.5830869361316     
   2.3324628738360637E-002  -2231.5202806550178     
   2.4053523386434406E-002  -2158.7324869903405     
   2.4782418034508175E-002  -2090.2508307333183     
   2.5511312682581944E-002  -2025.6831641094373     
   2.6240207330655713E-002  -1964.7154924043200     
   2.6969101978729482E-002  -1907.0781168849571     
   2.7697996626803251E-002  -1852.4708391444356     
   2.8426891274877020E-002  -1800.6789245380176     
   2.9155785922950789E-002  -1751.6381086154920     
   3.0613575219098330E-002  -1660.1808607625333     
   3.2071364515245872E-002  -1577.2197960263063     
   3.3529153811393410E-002  -1501.5220773486064     
   3.4986943107540948E-002  -1432.1784659236216     
   3.6444732403688486E-002  -1368.4268871219085     
   3.7902521699836024E-002  -1309.6206859528156     
   3.9360310995983562E-002  -1255.2130887661369     
   4.0818100292131100E-002  -1204.7327647465622     
   4.2275889588278638E-002  -1157.7738577682353     
   4.3733678884426176E-002  -1113.9825936082188     
   4.5191468180573714E-002  -1073.0546875299090     
   4.6649257476721252E-002  -1034.7202522136713     
   4.8107046772868790E-002  -998.75994755314605     
   4.9564836069016328E-002  -964.91868836623917     
   5.1022625365163866E-002  -933.05679962610100     
   5.2480414661311404E-002  -903.00294710867422     
   5.3938203957458943E-002  -874.60291340776257     
   5.5395993253606481E-002  -847.73011783250092     
   5.6853782549754019E-002  -822.26785248072315     
   5.8311571845901557E-002  -798.10708915765724     
   5.9769361142049095E-002  -775.15677023360422     
   6.1227150438196633E-002  -753.32708474461799     
   6.2684939734344178E-002  -732.53383584017820     
   6.4142729030491716E-002  -712.73411223155654     
   6.5600518326639254E-002  -693.83346136453486     
   6.7058307622786792E-002  -675.78354775251273     
   6.8516096918934330E-002  -658.52898133733208     
   6.9973886215081868E-002  -642.02140350943182     
   7.1431675511229406E-002  -626.21411097368696     
   7.2889464807376944E-002  -611.06763306038329     
   7.4347254103524482E-002  -596.53799105065457     
   7.5805043399672020E-002  -582.60700279118134     
   7.7262832695819558E-002  -569.20090185678225     
   7.8720621991967096E-002  -556.32845961121120     
   8.0178411288114634E-002  -543.94778051440676     
   8.1636200584262172E-002  -532.03213399665663     
   8.3093989880409710E-002  -520.55802609543082     
   8.4551779176557249E-002  -509.69073569880533     
   8.6009568472704787E-002  -498.83780395448656     
   8.7467357768852325E-002  -488.55311784248869     
   9.0382936361147401E-002  -469.01203243307646     
   9.3298514953442477E-002  -450.80914384363484     
   9.6214093545737553E-002  -433.75333471857505     
   9.9129672138032629E-002  -417.76311867951097     
  0.10204525073032771       -402.74541044415918     
  0.10496082932262278       -388.64551158693718     
  0.10787640791491786       -375.28580463223727     
  0.11079198650721293       -362.70782160419628     
  0.11370756509950801       -350.81684447856662     
  0.11662314369180309       -339.55793874884512     
  0.11953872228409816       -328.88042736306119     
  0.12245430087639324       -318.67245050647080     
  0.12536987946868833       -309.10684509339603     
  0.12828545806098340       -299.93946973867793     
  0.13120103665327848       -291.18362632046831     
  0.13411661524557356       -282.84813779012381     
  0.13703219383786863       -274.90294366550046     
  0.13994777243016371       -267.29733565604067     
  0.14286335102245878       -260.02176306922985     
  0.14577892961475386       -253.05753984516070     
  0.14869450820704894       -246.38480049433360     
  0.15161008679934401       -239.96635884676218     
  0.15452566539163909       -233.86835499997272     
  0.15744124398393416       -227.90876414786479     
  0.16035682257622924       -222.26709623163029     
  0.16327240116852432       -216.81424042963837     
  0.16618797976081939       -211.56399885955133     
  0.16910355835311447       -206.50878944802133     
  0.17201913694540955       -201.66598771612541     
  0.17493471553770462       -196.94154251139727     
  0.17785029412999970       -192.41041499684536     
  0.18076587272229477       -188.03742732729393     
  0.18368145131458985       -183.82201423254241     
  0.18659702990688493       -179.74540882562962     
  0.18951260849918000       -175.78933984910333     
  0.19242818709147508       -171.97365837362619     
  0.19534376568377015       -168.27943316372267     
  0.19825934427606523       -164.70067856575326     
  0.20117492286836031       -161.26882515884941     
  0.20409050146065538       -157.89482542521239     
  0.20992165864524553       -151.41647506109021     
  0.21575281582983569       -145.46566302708359     
  0.22158397301442584       -139.78870120094106     
  0.22741513019901599       -134.43284169360396     
  0.23324628738360614       -129.40467443379274     
  0.23907744456819630       -124.58587331567207     
  0.24490860175278645       -120.05358974048529     
  0.25073975893737660       -115.74788501113596     
  0.25657091612196675       -111.67981223135382     
  0.26240207330655690       -107.80599378476971     
  0.26823323049114706       -104.12838480995386     
  0.27406438767573721       -100.66711077761394     
  0.27989554486032736       -97.297376654378851     
  0.28572670204491751       -94.127269042015243     
  0.29155785922950767       -91.102306876234394     
  0.29738901641409782       -88.219667535407780     
  0.30322017359868797       -85.467595516523417     
  0.30905133078327812       -82.849124417488355     
  0.31488248796786827       -80.345969130967063     
  0.32071364515245843       -77.957024071037154     
  0.32654480233704858       -75.675660392465602     
  0.33237595952163873       -73.498315563165463     
  0.33820711670622888       -71.423258562020663     
  0.34403827389081904       -69.450936658448569     
  0.34986943107540919       -67.584131479124210     
  0.35570058825999934       -65.753594682270389     
  0.36153174544458949       -63.975206111431049     
  0.36736290262917964       -62.257757374197681     
  0.37319405981376980       -60.604018782804168     
  0.37902521699835995       -59.009513622890161     
  0.38485637418295010       -57.473564510029242     
  0.39068753136754025       -55.996286885206253     
  0.39651868855213040       -54.582796233281009     
  0.40234984573672056       -53.197974759218376     
  0.40818100292131071       -51.873859798675539     
  0.41401216010590086       -50.579823806570097     
  0.41984331729049101       -49.364701022179474     
  0.42567447447508117       -48.173838467465160     
  0.43150563165967132       -47.028606097016066     
  0.43733678884426147       -45.912834905507097     
  0.44899910321344177       -43.795377501949801     
  0.46066141758262208       -41.812386185483781     
  0.47232373195180238       -39.949044406573478     
  0.48398604632098269       -38.195984388935166     
  0.49564836069016299       -36.543938463046779     
  0.50731067505934335       -34.985418284883401     
  0.51897298942852366       -33.514886904667527     
  0.53063530379770396       -32.120028421601099     
  0.54229761816688427       -30.769328614193348     
  0.55395993253606457       -29.552142430951402     
  0.56562224690524487       -28.406344780492432     
  0.57728456127442518       -27.238324475322003     
  0.58894687564360548       -26.168283760810379     
  0.60060919001278579       -25.151117803976284     
  0.61227150438196609       -24.183472291750164     
  0.62393381875114640       -23.262368030674612     
  0.63559613312032670       -22.385599037818064     
  0.64725844748950701       -21.550988019330809     
  0.65892076185868731       -20.752155705807287     
  0.67058307622786761       -20.006255513203953     
  0.68224539059704792       -19.267707387975140     
  0.69390770496622822       -18.575706986168491     
  0.70557001933540853       -17.916254299758720     
  0.71723233370458883       -17.284160258587335     
  0.72889464807376914       -16.680565087044730     
  0.74055696244294944       -16.104155930148341     
  0.75221927681212974       -15.547202390163493     
  0.76388159118131005       -15.024854156834284     
  0.77554390555049035       -14.520301124183110     
  0.78720621991967066       -14.031952259104690     
  0.79886853428885096       -13.574089419056481     
  0.81053084865803127       -13.127762300199308     
  0.82219316302721157       -12.706360595518868     
  0.83385547739639188       -12.298949771953064     
  0.84551779176557218       -11.908125874903627     
  0.85718010613475248       -11.533612662935541     
  0.86884242050393279       -11.174227116072323     
  0.88050473487311309       -10.829181193270312     
  0.89216704924229340       -10.498616035366108     
  0.90382936361147370       -10.180711189743750     
  0.92715399234983431       -9.5818955449478622     
  0.95047862108819492       -9.0274223119735559     
  0.97380324982655553       -8.5162772424618343     
  0.99712787856491614       -8.0423014367260102     
   1.0204525073032769       -7.6027321080587713     
   1.0437771360416375       -7.1949235706192836     
   1.0671017647799981       -6.8155873933511497     
   1.0904263935183587       -6.4634321207322785     
   1.1137510222567193       -6.1354434765016652     
   1.1370756509950799       -5.8247245267628367     
   1.1604002797334405       -5.5436987367933321     
   1.1837249084718011       -5.2772517757017452     
   1.2070495372101617       -5.0290411207586274     
   1.2303741659485223       -4.7950924085999276     
   1.2536987946868829       -4.5763968428111053     
   1.2770234234252436       -4.3715593066501528     
   1.3003480521636042       -4.1794788748438698     
   1.3236726809019648       -4.0000217746408548     
   1.3469973096403254       -3.8288421153877303     
   1.3703219383786860       -3.6698754960123292     
   1.3936465671170466       -3.5197679376035307     
   1.4169711958554072       -3.3779970612654755     
   1.4402958245937678       -3.2430408824842440     
   1.4636204533321284       -3.1186064026503231     
   1.4869450820704890       -2.9997828029642237     
   1.5102697108088496       -2.8876268185376501     
   1.5335943395472103       -2.7816077137634969     
   1.5569189682855709       -2.6808704276231010     
   1.5802435970239315       -2.5857192875869810     
   1.6035682257622921       -2.4957651559802754     
   1.6268928545006527       -2.4099329170739701     
   1.6502174832390133       -2.3285556798374398     
   1.6735421119773739       -2.2515514597413713     
   1.6968667407157345       -2.1785134735188199     
   1.7201913694540951       -2.1087203161996073     
   1.7435159981924557       -2.0424576796570477     
   1.7668406269308163       -1.9795833890153745     
   1.7901652556691769       -1.9193908402098929     
   1.8134898844075376       -1.8619954635728533     
   1.8368145131458982       -1.8073855343826670     
   1.8834637706226194       -1.7055016440610042     
   1.9301130280993406       -1.6123595298746991     
   1.9767622855760618       -1.5271556337913665     
   2.0234115430527830       -1.4488420696716493     
   2.0700608005295043       -1.3769496035023119     
   2.1167100580062255       -1.3104233100819911     
   2.1633593154829467       -1.2487406535893750     
   2.2100085729596679       -1.1922726228137335     
   2.2566578304363891       -1.1395396533866449     
   2.3033070879131103       -1.0904190040716233     
   2.3499563453898316       -1.0445947754460412     
   2.3966056028665528       -1.0022343814400612     
   2.4432548603432740      -0.96177257426407980     
   2.4899041178199952      -0.92426686348587661     
   2.5365533752967164      -0.88901369179656453     
   2.5832026327734376      -0.85582402091289622     
   2.6298518902501589      -0.82464601335658250     
   2.6765011477268801      -0.79518052644694248     
   2.7231504052036013      -0.76732759577714416     
   2.7697996626803225      -0.74107298029093582     
   2.8164489201570437      -0.71615930119985949     
   2.8630981776337650      -0.69253398118799869     
   2.9097474351104862      -0.67016868526401330     
   2.9563966925872074      -0.64897660229165655     
   3.0030459500639286      -0.62874050464110109     
   3.0496952075406498      -0.60959797661881432     
   3.0963444650173710      -0.59134143098243674     
   3.1429937224940923      -0.57399055627017403     
   3.1896429799708135      -0.55745498831937190     
   3.2362922374475347      -0.54173895353809809     
   3.2829414949242559      -0.52673292155406037     
   3.3295907524009771      -0.51244811636137921     
   3.3762400098776983      -0.49884622507646359     
   3.4228892673544196      -0.48590100382030099     
   3.4695385248311408      -0.47356263827000411     
 atom Ni   dist =   6.65184  coord =    0.00000   0.00000   6.65184
   7.2889464807377011E-004  -76672.645222936801     
   1.4577892961475402E-003  -38256.006193600093     
   2.1866839442213105E-003  -25449.445793751678     
   2.9155785922950804E-003  -19045.492953811354     
   3.6444732403688503E-003  -15202.765662688740     
   4.3733678884426202E-003  -12640.599532862709     
   5.1022625365163901E-003  -10810.222539339769     
   5.8311571845901600E-003  -9437.3022802524829     
   6.5600518326639299E-003  -8369.3210297866954     
   7.2889464807376998E-003  -7514.8272935544064     
   8.0178411288114697E-003  -6815.5246375851175     
   8.7467357768852404E-003  -6232.8648274171210     
   9.4756304249590112E-003  -5739.7264094375932     
   1.0204525073032782E-002  -5316.9691823311232     
   1.0933419721106553E-002  -4950.5912941477682     
   1.1662314369180323E-002  -4629.9711532987812     
   1.2391209017254094E-002  -4347.0501619881343     
   1.3120103665327865E-002  -4095.5673018731218     
   1.3848998313401636E-002  -3870.5445574806072     
   1.4577892961475407E-002  -3668.0155070431920     
   1.5306787609549177E-002  -3484.7924230053877     
   1.6035682257622946E-002  -3318.3577474109907     
   1.6764576905696715E-002  -3166.1480594053505     
   1.7493471553770484E-002  -3026.7447387276034     
   1.8222366201844253E-002  -2898.9319472970092     
   1.8951260849918022E-002  -2780.1446583094926     
   1.9680155497991791E-002  -2670.5603172180090     
   2.0409050146065560E-002  -2568.8166292795222     
   2.1137944794139329E-002  -2474.1666940430273     
   2.1866839442213098E-002  -2385.7161271245677     
   2.2595734090286868E-002  -2302.6088273530700     
   2.3324628738360637E-002  -2225.5503184038530     
   2.4053523386434406E-002  -2152.7654382112519     
   2.4782418034508175E-002  -2084.2868598018072     
   2.5511312682581944E-002  -2019.7224716162148     
   2.6240207330655713E-002  -1958.7582720382986     
   2.6969101978729482E-002  -1901.1246821126613     
   2.7697996626803251E-002  -1846.5211771456236     
   2.8426891274877020E-002  -1794.7333283009164     
   2.9155785922950789E-002  -1745.5504611713309     
   3.0613575219098330E-002  -1654.2488232810663     
   3.2071364515245872E-002  -1571.2979317323798     
   3.3529153811393410E-002  -1495.6114742303607     
   3.4986943107540948E-002  -1426.2797455991442     
   3.6444732403688486E-002  -1362.5399711808225     
   3.7902521699836024E-002  -1303.7490910326276     
   3.9360310995983562E-002  -1249.3565690432517     
   4.0818100292131100E-002  -1198.8928874645383     
   4.2275889588278638E-002  -1151.9507881322970     
   4.3733678884426176E-002  -1108.1774593183359     
   4.5191468180573714E-002  -1067.2686786303061     
   4.6649257476721252E-002  -1028.9545960522953     
   4.8107046772868790E-002  -992.99902144325040     
   4.9564836069016328E-002  -959.19630043611789     
   5.1022625365163866E-002  -927.35934411460926     
   5.2480414661311404E-002  -897.32758270843340     
   5.3938203957458943E-002  -868.93868116635349     
   5.5395993253606481E-002  -842.10542381739253     
   5.6853782549754019E-002  -816.66546905487451     
   5.8311571845901557E-002  -792.53436723039852     
   5.9769361142049095E-002  -769.61226678991716     
   6.1227150438196633E-002  -747.81273364755134     
   6.2684939734344178E-002  -727.05852675800941     
   6.4142729030491716E-002  -707.28975825777536     
   6.5600518326639254E-002  -688.40614940846058     
   6.7058307622786792E-002  -670.38838744627049     
   6.8516096918934330E-002  -653.16446721632838     
   6.9973886215081868E-002  -636.68756633516944     
   7.1431675511229406E-002  -620.91175011072903     
   7.2889464807376944E-002  -605.79430735069434     
   7.4347254103524482E-002  -591.29693984567587     
   7.5805043399672020E-002  -577.39711930570661     
   7.7262832695819558E-002  -564.02247769918017     
   7.8720621991967096E-002  -551.21797914684942     
   8.0178411288114634E-002  -538.83112854566332     
   8.1636200584262172E-002  -526.94571650490320     
   8.3093989880409710E-002  -515.50053350523433     
   8.4551779176557249E-002  -504.47344239331790     
   8.6009568472704787E-002  -493.84157714901067     
   8.7467357768852325E-002  -483.77530572993817     
   9.0382936361147401E-002  -464.11287198223334     
   9.3298514953442477E-002  -445.95565197726359     
   9.6214093545737553E-002  -428.95409726157442     
   9.9129672138032629E-002  -413.01634222562723     
  0.10204525073032771       -398.04910448145222     
  0.10496082932262278       -383.96991706666688     
  0.10787640791491786       -370.69619876014679     
  0.11079198650721293       -358.16855042596302     
  0.11370756509950801       -346.32509520428323     
  0.11662314369180309       -335.11368342196693     
  0.11953872228409816       -324.48698847392666     
  0.12245430087639324       -314.39869298225983     
  0.12536987946868833       -304.81489083344997     
  0.12828545806098340       -295.69167545279799     
  0.13120103665327848       -287.01021653417075     
  0.13411661524557356       -278.71928078065508     
  0.13703219383786863       -270.81157139000351     
  0.13994777243016371       -263.25700628051379     
  0.14286335102245878       -256.01924952824766     
  0.14577892961475386       -249.11966271478312     
  0.14869450820704894       -242.49565588524467     
  0.15161008679934401       -236.14685417571502     
  0.15452566539163909       -230.06504916035436     
  0.15744124398393416       -224.21103080416952     
  0.16035682257622924       -218.57400594263657     
  0.16327240116852432       -213.21916190031499     
  0.16618797976081939       -207.96408458325183     
  0.16910355835311447       -202.99146553902514     
  0.17201913694540955       -198.17473991470476     
  0.17493471553770462       -193.53062032247689     
  0.17785029412999970       -189.06851312224592     
  0.18076587272229477       -184.75942480820964     
  0.18368145131458985       -180.56230631782392     
  0.18659702990688493       -176.54106768118223     
  0.18951260849918000       -172.64118121811242     
  0.19242818709147508       -168.88273047186746     
  0.19534376568377015       -165.24064907735018     
  0.19825934427606523       -161.71600593871887     
  0.20117492286836031       -158.30484243655255     
  0.20409050146065538       -155.00253229625937     
  0.20992165864524553       -148.70139167208399     
  0.21575281582983569       -142.91538561068839     
  0.22158397301442584       -137.19644422374765     
  0.22741513019901599       -131.94429036338474     
  0.23324628738360614       -126.96600764170620     
  0.23907744456819630       -122.26830965567001     
  0.24490860175278645       -117.82255426019277     
  0.25073975893737660       -113.60847052672793     
  0.25657091612196675       -109.61207177052542     
  0.26240207330655690       -105.82086760363232     
  0.26823323049114706       -102.21227272167113     
  0.27406438767573721       -98.786464789083936     
  0.27989554486032736       -95.558846452064657     
  0.28572670204491751       -92.413354252674239     
  0.29155785922950767       -89.452974824896813     
  0.29738901641409782       -86.628886472020213     
  0.30322017359868797       -83.936501834915120     
  0.30905133078327812       -81.367595366070447     
  0.31488248796786827       -78.916176535376479     
  0.32071364515245843       -76.573956145166150     
  0.32654480233704858       -74.342230336938030     
  0.33237595952163873       -72.211716493541317     
  0.33820711670622888       -70.183266477188482     
  0.34403827389081904       -68.260690796796922     
  0.34986943107540919       -66.442842283650407     
  0.35570058825999934       -64.646684776300418     
  0.36153174544458949       -62.899599622789196     
  0.36736290262917964       -61.211032363422731     
  0.37319405981376980       -59.587463921165266     
  0.37902521699835995       -58.025683490082528     
  0.38485637418295010       -56.514473507490393     
  0.39068753136754025       -55.032644004195042     
  0.39651868855213040       -53.667458441887888     
  0.40234984573672056       -52.324246283082729     
  0.40818100292131071       -51.027421282100590     
  0.41401216010590086       -49.755648845214203     
  0.41984331729049101       -48.574376726618993     
  0.42567447447508117       -47.410573465494593     
  0.43150563165967132       -46.290382189512918     
  0.43733678884426147       -45.205837919678729     
  0.44899910321344177       -43.143219053788421     
  0.46066141758262208       -41.214188976162866     
  0.47232373195180238       -39.404426354850145     
  0.48398604632098269       -37.700983105267014     
  0.49564836069016299       -36.065899164832985     
  0.50731067505934335       -34.585181754961724     
  0.51897298942852366       -33.155781717943000     
  0.53063530379770396       -31.806616348539929     
  0.54229761816688427       -30.524464049146822     
  0.55395993253606457       -29.310619317855572     
  0.56562224690524487       -28.159060146218106     
  0.57728456127442518       -27.064121281124599     
  0.58894687564360548       -26.024046970381544     
  0.60060919001278579       -25.035003172311356     
  0.61227150438196609       -24.091824455716178     
  0.62393381875114640       -23.193376999420579     
  0.63559613312032670       -22.337266506094892     
  0.64725844748950701       -21.521143679870850     
  0.65892076185868731       -20.743796645073704     
  0.67058307622786761       -19.998529162414926     
  0.68224539059704792       -19.288935884267332     
  0.69390770496622822       -18.611547257149127     
  0.70557001933540853       -17.961696626240371     
  0.71723233370458883       -17.341609985278776     
  0.72889464807376914       -16.748728732061572     
  0.74055696244294944       -16.181701572216564     
  0.75221927681212974       -15.637652655928509     
  0.76388159118131005       -15.116489579448762     
  0.77554390555049035       -14.621823610878172     
  0.78720621991967066       -14.141201645645744     
  0.79886853428885096       -13.680628311828148     
  0.81053084865803127       -13.244824121818850     
  0.82219316302721157       -12.824425236933775     
  0.83385547739639188       -12.419738871964746     
  0.84551779176557218       -12.032102355467895     
  0.85718010613475248       -11.660289165568781     
  0.86884242050393279       -11.303432195429782     
  0.88050473487311309       -10.957850556772671     
  0.89216704924229340       -10.629878710687443     
  0.90382936361147370       -10.312839158802227     
  0.92715399234983431       -9.7147431272763125     
  0.95047862108819492       -9.1618124403594763     
  0.97380324982655553       -8.6499385329784122     
  0.99712787856491614       -8.1742366424215618     
   1.0204525073032769       -7.7333641759185658     
   1.0437771360416375       -7.3155751303915926     
   1.0671017647799981       -6.9429761608150393     
   1.0904263935183587       -6.5853527894204884     
   1.1137510222567193       -6.2556913884533571     
   1.1370756509950799       -5.9421472747244906     
   1.1604002797334405       -5.6591767974087963     
   1.1837249084718011       -5.3887061299380932     
   1.2070495372101617       -5.1364564811021269     
   1.2303741659485223       -4.8999239881422838     
   1.2536987946868829       -4.6785706089809214     
   1.2770234234252436       -4.4706797158939855     
   1.3003480521636042       -4.2752069189344226     
   1.3236726809019648       -4.0924329034962232     
   1.3469973096403254       -3.9199368885676789     
   1.3703219383786860       -3.7576452581531905     
   1.3936465671170466       -3.6047897562615541     
   1.4169711958554072       -3.4604074254606303     
   1.4402958245937678       -3.3244141629663204     
   1.4636204533321284       -3.1959765829113844     
   1.4869450820704890       -3.0748571444003900     
   1.5102697108088496       -2.9603524280491360     
   1.5335943395472103       -2.8519559813440529     
   1.5569189682855709       -2.7492102437981063     
   1.5802435970239315       -2.6519233362123407     
   1.6035682257622921       -2.5597400578918785     
   1.6268928545006527       -2.4727603807230625     
   1.6502174832390133       -2.3823680784350070     
   1.6735421119773739       -2.3104997804506477     
   1.6968667407157345       -2.2352855490710026     
   1.7201913694540951       -2.1639247879228858     
   1.7435159981924557       -2.0955287315912883     
   1.7668406269308163       -2.0315088006951552     
   1.7901652556691769       -1.9697962450582898     
   1.8134898844075376       -1.9109311453277817     
   1.8368145131458982       -1.8549757835093026     
   1.8834637706226194       -1.7502874782710651     
   1.9301130280993406       -1.6546668972103717     
   1.9767622855760618       -1.5670633067407975     
   2.0234115430527830       -1.4865549047175046     
   2.0700608005295043       -1.4126472922879483     
   2.1167100580062255       -1.3442058179590870     
   2.1633593154829467       -1.2812100790173133     
   2.2100085729596679       -1.2226512453141885     
   2.2566578304363891       -1.1684745031043124     
   2.3033070879131103       -1.1178749366373606     
   2.3499563453898316       -1.0703864875062714     
   2.3966056028665528       -1.0268660766989175     
   2.4432548603432740      -0.98575680393384846     
   2.4899041178199952      -0.94724808390171567     
   2.5365533752967164      -0.91114063927364486     
   2.5832026327734376      -0.87708801501475409     
   2.6298518902501589      -0.84532581419842556     
   2.6765011477268801      -0.81528544302669026     
   2.7231504052036013      -0.78689464679624244     
   2.7697996626803225      -0.76024140335437362     
   2.8164489201570437      -0.73501496825310497     
   2.8630981776337650      -0.71098023700366109     
   2.9097474351104862      -0.68858835159909815     
   2.9563966925872074      -0.66726277026166625     
   3.0030459500639286      -0.64833953462185590     
   3.0496952075406498      -0.62800162963286210     
   3.0963444650173710      -0.60986645518374205     
   3.1429937224940923      -0.59271155006920617     
   3.1896429799708135      -0.57647572580678363     
   3.2362922374475347      -0.56098861209465167     
   3.2829414949242559      -0.54652757259455143     
   3.3295907524009771      -0.53276244485773627     
   3.3762400098776983      -0.51972967772094270     
   3.4228892673544196      -0.50749362897822226     
   3.4695385248311408      -0.49582501817891900     
 atom Ni   dist =  13.30367  coord =    0.00000   0.00000  13.30367
   7.2889464807377011E-004  -76672.645163020381     
   1.4577892961475402E-003  -38256.006133683783     
   2.1866839442213105E-003  -25449.445733835550     
   2.9155785922950804E-003  -19045.492893895491     
   3.6444732403688503E-003  -15202.765602773192     
   4.3733678884426202E-003  -12640.599472947559     
   5.1022625365163901E-003  -10810.222479425091     
   5.8311571845901600E-003  -9437.3022203383389     
   6.5600518326639299E-003  -8369.3209698731625     
   7.2889464807376998E-003  -7514.8272336415530     
   8.0178411288114697E-003  -6815.5245776730217     
   8.7467357768852404E-003  -6232.8647675058410     
   9.4756304249590112E-003  -5739.7263495272073     
   1.0204525073032782E-002  -5316.9691224217004     
   1.0933419721106553E-002  -4950.5912342393813     
   1.1662314369180323E-002  -4629.9710933915003     
   1.2391209017254094E-002  -4347.0501020820293     
   1.3120103665327865E-002  -4095.5672419682664     
   1.3848998313401636E-002  -3870.5444975770715     
   1.4577892961475407E-002  -3668.0154471410542     
   1.5306787609549177E-002  -3484.7923631047029     
   1.6035682257622946E-002  -3318.3576875118306     
   1.6764576905696715E-002  -3166.1479995077921     
   1.7493471553770484E-002  -3026.7446788317293     
   1.8222366201844253E-002  -2898.9318874028359     
   1.8951260849918022E-002  -2780.1445984171805     
   1.9680155497991791E-002  -2670.5602573275846     
   2.0409050146065560E-002  -2568.8165693910564     
   2.1137944794139329E-002  -2474.1666341565797     
   2.1866839442213098E-002  -2385.7160672402329     
   2.2595734090286868E-002  -2302.6087674709461     
   2.3324628738360637E-002  -2225.5502585239333     
   2.4053523386434406E-002  -2152.7653783336464     
   2.4782418034508175E-002  -2084.2867999265873     
   2.5511312682581944E-002  -2019.7224117434519     
   2.6240207330655713E-002  -1958.7582121680639     
   2.6969101978729482E-002  -1901.1246222450311     
   2.7697996626803251E-002  -1846.5211172806578     
   2.8426891274877020E-002  -1794.7332684386906     
   2.9155785922950789E-002  -1745.5504013119178     
   3.0613575219098330E-002  -1654.2487634274912     
   3.2071364515245872E-002  -1571.2978718849274     
   3.3529153811393410E-002  -1495.6114143893169     
   3.4986943107540948E-002  -1426.2796857647904     
   3.6444732403688486E-002  -1362.5399113534456     
   3.7902521699836024E-002  -1303.7490312227262     
   3.9360310995983562E-002  -1249.3565092507372     
   4.0818100292131100E-002  -1198.8928276889628     
   4.2275889588278638E-002  -1151.9507283732762     
   4.3733678884426176E-002  -1108.1773995755368     
   4.5191468180573714E-002  -1067.2686189034432     
   4.6649257476721252E-002  -1028.9545363411246     
   4.8107046772868790E-002  -992.99896174756384     
   4.9564836069016328E-002  -959.19624075573756     
   5.1022625365163866E-002  -927.35928444938577     
   5.2480414661311404E-002  -897.32752305824181     
   5.3938203957458943E-002  -868.93862153111763     
   5.5395993253606481E-002  -842.10536419697848     
   5.6853782549754019E-002  -816.66540944949656     
   5.8311571845901557E-002  -792.53430764602399     
   5.9769361142049095E-002  -769.61220722620180     
   6.1227150438196633E-002  -747.81267410416899     
   6.2684939734344178E-002  -727.05846723466232     
   6.4142729030491716E-002  -707.28969875418454     
   6.5600518326639254E-002  -688.40608992435978     
   6.7058307622786792E-002  -670.38832798143721     
   6.8516096918934330E-002  -653.16440777053242     
   6.9973886215081868E-002  -636.68750690820320     
   7.1431675511229406E-002  -620.91169070239948     
   7.2889464807376944E-002  -605.79424796082299     
   7.4347254103524482E-002  -591.29688047409252     
   7.5805043399672020E-002  -577.39705995222971     
   7.7262832695819558E-002  -564.02241836371388     
   7.8720621991967096E-002  -551.21791982921093     
   8.0178411288114634E-002  -538.83106924576521     
   8.1636200584262172E-002  -526.94565722260211     
   8.3093989880409710E-002  -515.50047424041816     
   8.4551779176557249E-002  -504.47338314749879     
   8.6009568472704787E-002  -493.84151794095681     
   8.7467357768852325E-002  -483.77524655884872     
   9.0382936361147401E-002  -464.11281288288018     
   9.3298514953442477E-002  -445.95559294686797     
   9.6214093545737553E-002  -428.95403829757032     
   9.9129672138032629E-002  -413.01628332563263     
  0.10204525073032771       -398.04904564325062     
  0.10496082932262278       -383.96985832310975     
  0.10787640791491786       -370.69614010872994     
  0.11079198650721293       -358.16849186294530     
  0.11370756509950801       -346.32503672612506     
  0.11662314369180309       -335.11362502531466     
  0.11953872228409816       -324.48693015558734     
  0.12245430087639324       -314.39863473918973     
  0.12536987946868833       -304.81483266273676     
  0.12828545806098340       -295.69161735165579     
  0.13120103665327848       -287.01015849674548     
  0.13411661524557356       -278.71922280107191     
  0.13703219383786863       -270.81151346613785     
  0.13994777243016371       -263.25694841031464     
  0.14286335102245878       -256.01919170975600     
  0.14577892961475386       -249.11960494610261     
  0.14869450820704894       -242.49559816458111     
  0.15161008679934401       -236.14679649907032     
  0.15452566539163909       -230.06499152400357     
  0.15744124398393416       -224.21097320687841     
  0.16035682257622924       -218.57394838304145     
  0.16327240116852432       -213.21910437700330     
  0.16618797976081939       -207.96402709534408     
  0.16910355835311447       -202.99140808514517     
  0.17201913694540955       -198.17468249381045     
  0.17493471553770462       -193.53056293353964     
  0.17785029412999970       -189.06845576422813     
  0.18076587272229477       -184.75936748028528     
  0.18368145131458985       -180.56224901896596     
  0.18659702990688493       -176.54101041064348     
  0.18951260849918000       -172.64112397490766     
  0.19242818709147508       -168.88267325530262     
  0.19534376568377015       -165.24059188661613     
  0.19825934427606523       -161.71594877311341     
  0.20117492286836031       -158.30478529533806     
  0.20409050146065538       -155.00247517875408     
  0.20992165864524553       -148.70133460007563     
  0.21575281582983569       -142.91532858140874     
  0.22158397301442584       -137.19638723556952     
  0.22741513019901599       -131.94423341993814     
  0.23324628738360614       -126.96595074285949     
  0.23907744456819630       -122.26825279873138     
  0.24490860175278645       -117.82249744384922     
  0.25073975893737660       -113.60841375163055     
  0.25657091612196675       -109.61201503373995     
  0.26240207330655690       -105.82081090188922     
  0.26823323049114706       -102.21221605181502     
  0.27406438767573721       -98.786408136065091     
  0.27989554486032736       -95.558789801191097     
  0.28572670204491751       -92.413297602063636     
  0.29155785922950767       -89.452918158584140     
  0.29738901641409782       -86.628829773987789     
  0.30322017359868797       -83.936445104033311     
  0.30905133078327812       -81.367538601678660     
  0.31488248796786827       -78.916119736083374     
  0.32071364515245843       -76.573899305466398     
  0.32654480233704858       -74.342173454934866     
  0.33237595952163873       -72.211659568657609     
  0.33820711670622888       -70.183209507434071     
  0.34403827389081904       -68.260633779442855     
  0.34986943107540919       -66.442785223547801     
  0.35570058825999934       -64.646627675508157     
  0.36153174544458949       -62.899542480801664     
  0.36736290262917964       -61.210975180321462     
  0.37319405981376980       -59.587406697780715     
  0.37902521699835995       -58.025626224602441     
  0.38485637418295010       -56.514416207682487     
  0.39068753136754025       -55.032586668247468     
  0.39651868855213040       -53.667401076428597     
  0.40234984573672056       -52.324188883707620     
  0.40818100292131071       -51.027363849432163     
  0.41401216010590086       -49.755591387084415     
  0.41984331729049101       -48.574319248522357     
  0.42567447447508117       -47.410515969109824     
  0.43150563165967132       -46.290324676053736     
  0.43733678884426147       -45.205780393025151     
  0.44899910321344177       -43.143161504376558     
  0.46066141758262208       -41.214131421841707     
  0.47232373195180238       -39.404368817763221     
  0.48398604632098269       -37.700925615638347     
  0.49564836069016299       -36.065841731395572     
  0.50731067505934335       -34.585124379082650     
  0.51897298942852366       -33.155724389598355     
  0.53063530379770396       -31.806559066600229     
  0.54229761816688427       -30.524406810777485     
  0.55395993253606457       -29.310562121533721     
  0.56562224690524487       -28.159002990596814     
  0.57728456127442518       -27.064064166513923     
  0.58894687564360548       -26.023989895045059     
  0.60060919001278579       -25.034946140039885     
  0.61227150438196609       -24.091767465783434     
  0.62393381875114640       -23.193320055504543     
  0.63559613312032670       -22.337209605348736     
  0.64725844748950701       -21.521086811633726     
  0.65892076185868731       -20.743739794198046     
  0.67058307622786761       -19.998472305737067     
  0.68224539059704792       -19.288879005354090     
  0.69390770496622822       -18.611490309192138     
  0.70557001933540853       -17.961639643154673     
  0.71723233370458883       -17.341552979645822     
  0.72889464807376914       -16.748671699114812     
  0.74055696244294944       -16.181644509717117     
  0.75221927681212974       -15.637595566955619     
  0.76388159118131005       -15.116432465517345     
  0.77554390555049035       -14.621766483744539     
  0.78720621991967066       -14.141144486912088     
  0.79886853428885096       -13.680571126732232     
  0.81053084865803127       -13.244766922940856     
  0.82219316302721157       -12.824368035706430     
  0.83385547739639188       -12.419681666503136     
  0.84551779176557218       -12.032045160275967     
  0.85718010613475248       -11.660232001116036     
  0.86884242050393279       -11.303375061620134     
  0.88050473487311309       -10.957793457885940     
  0.89216704924229340       -10.629821672103349     
  0.90382936361147370       -10.312782161766856     
  0.92715399234983431       -9.7146862192945527     
  0.95047862108819492       -9.1617556211486981     
  0.97380324982655553       -8.6498818064298675     
  0.99712787856491614       -8.1741799918236531     
   1.0204525073032769       -7.7333075925631967     
   1.0437771360416375       -7.3155185753172889     
   1.0671017647799981       -6.9429196301692624     
   1.0904263935183587       -6.5852963059976437     
   1.1137510222567193       -6.2556348680619527     
   1.1370756509950799       -5.9420907178246019     
   1.1604002797334405       -5.6591203435141297     
   1.1837249084718011       -5.3886496716091505     
   1.2070495372101617       -5.1364000768813378     
   1.2303741659485223       -4.8998676676810966     
   1.2536987946868829       -4.6785143910284912     
   1.2770234234252436       -4.4706236343479775     
   1.3003480521636042       -4.2751509795199985     
   1.3236726809019648       -4.0923769696487575     
   1.3469973096403254       -3.9198811192239242     
   1.3703219383786860       -3.7575897699792682     
   1.3936465671170466       -3.6047344110257686     
   1.4169711958554072       -3.4603520070863225     
   1.4402958245937678       -3.3243586626036863     
   1.4636204533321284       -3.1959214389634516     
   1.4869450820704890       -3.0748021708240976     
   1.5102697108088496       -2.9602976480419736     
   1.5335943395472103       -2.8519013657606074     
   1.5569189682855709       -2.7491558108906347     
   1.5802435970239315       -2.6518691528555309     
   1.6035682257622921       -2.5596859692867278     
   1.6268928545006527       -2.4727070081101341     
   1.6502174832390133       -2.3823141720247114     
   1.6735421119773739       -2.3104470046144687     
   1.6968667407157345       -2.2352326577101995     
   1.7201913694540951       -2.1638722195584812     
   1.7435159981924557       -2.0954757968686568     
   1.7668406269308163       -2.0314568885692830     
   1.7901652556691769       -1.9697446863699475     
   1.8134898844075376       -1.9108793432907192     
   1.8368145131458982       -1.8550789424882983     
   1.8834637706226194       -1.7502375739872036     
   1.9301130280993406       -1.6546179218187060     
   1.9767622855760618       -1.5670153307038601     
   2.0234115430527830       -1.4865094729095969     
   2.0700608005295043       -1.4126019723857743     
   2.1167100580062255       -1.3441620070266109     
   2.1633593154829467       -1.2811679101272762     
   2.2100085729596679       -1.2226106815483919     
   2.2566578304363891       -1.1684384050385290     
   2.3033070879131103       -1.1178384571858420     
   2.3499563453898316       -1.0703556797188172     
   2.3966056028665528       -1.0268344185310523     
   2.4432548603432740      -0.98572672557897090     
   2.4899041178199952      -0.94724658840328457     
   2.5365533752967164      -0.91111810636571033     
   2.5832026327734376      -0.87706514041577766     
   2.6298518902501589      -0.84510434974730708     
   2.6765011477268801      -0.81527750921434994     
   2.7231504052036013      -0.78691603775656926     
   2.7697996626803225      -0.76024500457593103     
   2.8164489201570437      -0.73502607143241472     
   2.8630981776337650      -0.71107810505952285     
   2.9097474351104862      -0.68861301340691672     
   2.9563966925872074      -0.66729491943976216     
   3.0030459500639286      -0.64710087205794475     
   3.0496952075406498      -0.62806048136214288     
   3.0963444650173710      -0.60993437123854599     
   3.1429937224940923      -0.59279747319960485     
   3.1896429799708135      -0.57670372325593089     
   3.2362922374475347      -0.56121021607794963     
   3.2829414949242559      -0.54665628477849848     
   3.3295907524009771      -0.53290827702508614     
   3.3762400098776983      -0.51989849667597787     
   3.4228892673544196      -0.50763626975495535     
   3.4695385248311408      -0.49603986679735246     
 atom Ni   dist =  19.95551  coord =    0.00000   0.00000  19.95551
   7.2889464807377011E-004  -76672.645163819994     
   1.4577892961475402E-003  -38256.006134483396     
   2.1866839442213105E-003  -25449.445734635166     
   2.9155785922950804E-003  -19045.492894695108     
   3.6444732403688503E-003  -15202.765603572811     
   4.3733678884426202E-003  -12640.599473747179     
   5.1022625365163901E-003  -10810.222480224711     
   5.8311571845901600E-003  -9437.3022211379612     
   6.5600518326639299E-003  -8369.3209706727866     
   7.2889464807376998E-003  -7514.8272344411789     
   8.0178411288114697E-003  -6815.5245784726494     
   8.7467357768852404E-003  -6232.8647683054705     
   9.4756304249590112E-003  -5739.7263503268396     
   1.0204525073032782E-002  -5316.9691232213336     
   1.0933419721106553E-002  -4950.5912350390172     
   1.1662314369180323E-002  -4629.9710941911389     
   1.2391209017254094E-002  -4347.0501028816716     
   1.3120103665327865E-002  -4095.5672427679110     
   1.3848998313401636E-002  -3870.5444983767193     
   1.4577892961475407E-002  -3668.0154479407056     
   1.5306787609549177E-002  -3484.7923639043574     
   1.6035682257622946E-002  -3318.3576883114883     
   1.6764576905696715E-002  -3166.1480003074539     
   1.7493471553770484E-002  -3026.7446796313952     
   1.8222366201844253E-002  -2898.9318882025054     
   1.8951260849918022E-002  -2780.1445992168542     
   1.9680155497991791E-002  -2670.5602581272633     
   2.0409050146065560E-002  -2568.8165701907396     
   2.1137944794139329E-002  -2474.1666349562679     
   2.1866839442213098E-002  -2385.7160680399261     
   2.2595734090286868E-002  -2302.6087682706443     
   2.3324628738360637E-002  -2225.5502593236374     
   2.4053523386434406E-002  -2152.7653791333555     
   2.4782418034508175E-002  -2084.2868007263023     
   2.5511312682581944E-002  -2019.7224125431719     
   2.6240207330655713E-002  -1958.7582129677901     
   2.6969101978729482E-002  -1901.1246230447634     
   2.7697996626803251E-002  -1846.5211180803967     
   2.8426891274877020E-002  -1794.7332692384362     
   2.9155785922950789E-002  -1745.5504021116701     
   3.0613575219098330E-002  -1654.2487642272572     
   3.2071364515245872E-002  -1571.2978726847077     
   3.3529153811393410E-002  -1495.6114151891127     
   3.4986943107540948E-002  -1426.2796865646019     
   3.6444732403688486E-002  -1362.5399121532748     
   3.7902521699836024E-002  -1303.7490320225718     
   3.9360310995983562E-002  -1249.3565100506003     
   4.0818100292131100E-002  -1198.8928284888448     
   4.2275889588278638E-002  -1151.9507291731773     
   4.3733678884426176E-002  -1108.1774003754579     
   4.5191468180573714E-002  -1067.2686197033852     
   4.6649257476721252E-002  -1028.9545371410877     
   4.8107046772868790E-002  -992.99896254754867     
   4.9564836069016328E-002  -959.19624155574502     
   5.1022625365163866E-002  -927.35928524941664     
   5.2480414661311404E-002  -897.32752385829667     
   5.3938203957458943E-002  -868.93862233119717     
   5.5395993253606481E-002  -842.10536499708348     
   5.6853782549754019E-002  -816.66541024962692     
   5.8311571845901557E-002  -792.53430844618174     
   5.9769361142049095E-002  -769.61220802638661     
   6.1227150438196633E-002  -747.81267490438199     
   6.2684939734344178E-002  -727.05846803490397     
   6.4142729030491716E-002  -707.28969955445586     
   6.5600518326639254E-002  -688.40609072466100     
   6.7058307622786792E-002  -670.38832878176913     
   6.8516096918934330E-002  -653.16440857089583     
   6.9973886215081868E-002  -636.68750770859867     
   7.1431675511229406E-002  -620.91169150282769     
   7.2889464807376944E-002  -605.79424876128451     
   7.4347254103524482E-002  -591.29688127458837     
   7.5805043399672020E-002  -577.39706075276024     
   7.7262832695819558E-002  -564.02241916427977     
   7.8720621991967096E-002  -551.21792062981308     
   8.0178411288114634E-002  -538.83107004640397     
   8.1636200584262172E-002  -526.94565802327838     
   8.3093989880409710E-002  -515.50047504113263     
   8.4551779176557249E-002  -504.47338394825942     
   8.6009568472704787E-002  -493.84151874184693     
   8.7467357768852325E-002  -483.77524735986606     
   9.0382936361147401E-002  -464.11281368414558     
   9.3298514953442477E-002  -445.95559374837313     
   9.6214093545737553E-002  -428.95403909930803     
   9.9129672138032629E-002  -413.01628412759595     
  0.10204525073032771       -398.04904644543325     
  0.10496082932262278       -383.96985912565992     
  0.10787640791491786       -370.69614091163976     
  0.11079198650721293       -358.16849266620170     
  0.11370756509950801       -346.32503752971576     
  0.11662314369180309       -335.11362582922794     
  0.11953872228409816       -324.48693095981224     
  0.12245430087639324       -314.39863554371590     
  0.12536987946868833       -304.81483346755442     
  0.12828545806098340       -295.69161815675540     
  0.13120103665327848       -287.01015930211832     
  0.13411661524557356       -278.71922360670948     
  0.13703219383786863       -270.81151427203196     
  0.13994777243016371       -263.25694921645743     
  0.14286335102245878       -256.01919251613992     
  0.14577892961475386       -249.11960575272062     
  0.14869450820704894       -242.49559897142623     
  0.15161008679934401       -236.14679730613588     
  0.15452566539163909       -230.06499233128307     
  0.15744124398393416       -224.21097401436563     
  0.16035682257622924       -218.57394919073025     
  0.16327240116852432       -213.21910518488792     
  0.16618797976081939       -207.96402790341847     
  0.16910355835311447       -202.99140889340416     
  0.17201913694540955       -198.17468330224847     
  0.17493471553770462       -193.53056374215143     
  0.17785029412999970       -189.06845657300849     
  0.18076587272229477       -184.75936828922917     
  0.18368145131458985       -180.56224982806859     
  0.18659702990688493       -176.54101121989976     
  0.18951260849918000       -172.64112478431309     
  0.19242818709147508       -168.88267406485249     
  0.19534376568377015       -165.24059269630590     
  0.19825934427606523       -161.71594958293858     
  0.20117492286836031       -158.30478610529426     
  0.20409050146065538       -155.00247598883698     
  0.20992165864524553       -148.70133541039925     
  0.21575281582983569       -142.91532939195704     
  0.22158397301442584       -137.19638804632541     
  0.22741513019901599       -131.94423423088662     
  0.23324628738360614       -126.96595155398491     
  0.23907744456819630       -122.26825361001886     
  0.24490860175278645       -117.82249825528400     
  0.25073975893737660       -113.60841456319838     
  0.25657091612196675       -109.61201584542657     
  0.26240207330655690       -105.82081171368090     
  0.26823323049114706       -102.21221686369795     
  0.27406438767573721       -98.786408947970401     
  0.27989554486032736       -95.558790613060225     
  0.28572670204491751       -92.413298413887603     
  0.29155785922950767       -89.452918970295968     
  0.29738901641409782       -86.628830585519751     
  0.30322017359868797       -83.936445915384212     
  0.30905133078327812       -81.367539412847350     
  0.31488248796786827       -78.916120547070634     
  0.32071364515245843       -76.573900116272739     
  0.32654480233704858       -74.342174265561098     
  0.33237595952163873       -72.211660379105837     
  0.33820711670622888       -70.183210317707861     
  0.34403827389081904       -68.260634589545347     
  0.34986943107540919       -66.442786033476338     
  0.35570058825999934       -64.646628485264756     
  0.36153174544458949       -62.899543290391961     
  0.36736290262917964       -61.210975989750722     
  0.37319405981376980       -59.587407507053804     
  0.37902521699835995       -58.025627033727140     
  0.38485637418295010       -56.514417016657745     
  0.39068753136754025       -55.032587477081854     
  0.39651868855213040       -53.667401885123489     
  0.40234984573672056       -52.324189692274146     
  0.40818100292131071       -51.027364657877207     
  0.41401216010590086       -49.755592195412596     
  0.41984331729049101       -48.574320056738401     
  0.42567447447508117       -47.410516777220472     
  0.43150563165967132       -46.290325484066564     
  0.43733678884426147       -45.205781200946703     
  0.44899910321344177       -43.143162312137761     
  0.46066141758262208       -41.214132229498496     
  0.47232373195180238       -39.404369625427208     
  0.48398604632098269       -37.700926423450447     
  0.49564836069016299       -36.065842539410902     
  0.50731067505934335       -34.585125187305152     
  0.51897298942852366       -33.155725198034339     
  0.53063530379770396       -31.806559875249171     
  0.54229761816688427       -30.524407619637817     
  0.55395993253606457       -29.310562930601137     
  0.56562224690524487       -28.159003799864507     
  0.57728456127442518       -27.064064975971494     
  0.58894687564360548       -26.023990704681729     
  0.60060919001278579       -25.034946949840958     
  0.61227150438196609       -24.091768275737856     
  0.62393381875114640       -23.193320865591645     
  0.63559613312032670       -22.337210415550796     
  0.64725844748950701       -21.521087621914042     
  0.65892076185868731       -20.743740604481779     
  0.67058307622786761       -19.998473115914123     
  0.68224539059704792       -19.288879815386164     
  0.69390770496622822       -18.611491119066862     
  0.70557001933540853       -17.961640452875123     
  0.71723233370458883       -17.341553789198134     
  0.72889464807376914       -16.748672508501542     
  0.74055696244294944       -16.181645318941669     
  0.75221927681212974       -15.637596376020062     
  0.76388159118131005       -15.116433274427035     
  0.77554390555049035       -14.621767292500843     
  0.78720621991967066       -14.141145295535896     
  0.79886853428885096       -13.680571935232079     
  0.81053084865803127       -13.244767731323584     
  0.82219316302721157       -12.824368843981276     
  0.83385547739639188       -12.419682474702464     
  0.84551779176557218       -12.032045968451637     
  0.85718010613475248       -11.660232809357867     
  0.86884242050393279       -11.303375869968672     
  0.88050473487311309       -10.957794266347106     
  0.89216704924229340       -10.629822480670045     
  0.90382936361147370       -10.312782970451778     
  0.92715399234983431       -9.7146870282153444     
  0.95047862108819492       -9.1617564302969825     
  0.97380324982655553       -8.6498826157816193     
  0.99712787856491614       -8.1741808013536499     
   1.0204525073032769       -7.7333084022200538     
   1.0437771360416375       -7.3155193849211591     
   1.0671017647799981       -6.9429204395582467     
   1.0904263935183587       -6.5852971151417208     
   1.1137510222567193       -6.2556356769921839     
   1.1370756509950799       -5.9420915265444920     
   1.1604002797334405       -5.6591211519859117     
   1.1837249084718011       -5.3886504799025028     
   1.2070495372101617       -5.1364008850199898     
   1.2303741659485223       -4.8998684758161311     
   1.2536987946868829       -4.6785151992966139     
   1.2770234234252436       -4.4706244427574573     
   1.3003480521636042       -4.2751517880772285     
   1.3236726809019648       -4.0923777783980189     
   1.3469973096403254       -3.9198819280986954     
   1.3703219383786860       -3.7575905789189434     
   1.3936465671170466       -3.6047352200413578     
   1.4169711958554072       -3.4603528151806877     
   1.4402958245937678       -3.3243594706960380     
   1.4636204533321284       -3.1959222469241997     
   1.4869450820704890       -3.0748029787092390     
   1.5102697108088496       -2.9602984558484655     
   1.5335943395472103       -2.8519021735010677     
   1.5569189682855709       -2.7491566185664671     
   1.5802435970239315       -2.6518699604623910     
   1.6035682257622921       -2.5596867769017559     
   1.6268928545006527       -2.4727078155929947     
   1.6502174832390133       -2.3823149796760577     
   1.6735421119773739       -2.3104478120462852     
   1.6968667407157345       -2.2352334652139083     
   1.7201913694540951       -2.1638730270325333     
   1.7435159981924557       -2.0954766044642490     
   1.7668406269308163       -2.0314576959728528     
   1.7901652556691769       -1.9697454937057151     
   1.8134898844075376       -1.9108801506813535     
   1.8368145131458982       -1.8550797495055704     
   1.8834637706226194       -1.7502383810089257     
   1.9301130280993406       -1.6546187286813752     
   1.9767622855760618       -1.5670161374328424     
   2.0234115430527830       -1.4865102792693168     
   2.0700608005295043       -1.4126027788050945     
   2.1167100580062255       -1.3441628132742969     
   2.1633593154829467       -1.2811687161717555     
   2.2100085729596679       -1.2226114873921252     
   2.2566578304363891       -1.1684392102859749     
   2.3033070879131103       -1.1178392625413753     
   2.3499563453898316       -1.0703564843865665     
   2.3966056028665528       -1.0268352233910709     
   2.4432548603432740      -0.98572753032255889     
   2.4899041178199952      -0.94724739231712607     
   2.5365533752967164      -0.91111891037730641     
   2.5832026327734376      -0.87706594453121900     
   2.6298518902501589      -0.84510515363179206     
   2.6765011477268801      -0.81527831191435940     
   2.7231504052036013      -0.78691684008785789     
   2.7697996626803225      -0.76024580635037087     
   2.8164489201570437      -0.73502687262328192     
   2.8630981776337650      -0.71107890685121433     
   2.9097474351104862      -0.68861381366830932     
   2.9563966925872074      -0.66729571921533748     
   3.0030459500639286      -0.64710167091807103     
   3.0496952075406498      -0.62806127947134960     
   3.0963444650173710      -0.60993516878825593     
   3.1429937224940923      -0.59279827068183544     
   3.1896429799708135      -0.57670451714167970     
   3.2362922374475347      -0.56121101123848649     
   3.2829414949242559      -0.54665707896186289     
   3.3295907524009771      -0.53290907034134238     
   3.3762400098776983      -0.51989928888135883     
   3.4228892673544196      -0.50763706099772310     
   3.4695385248311408      -0.49604065678926301     
 atom Ni   dist =  26.60734  coord =    0.00000   0.00000  26.60734
   7.2889464807377011E-004  -76672.645223690124     
   1.4577892961475402E-003  -38256.006194353475     
   2.1866839442213105E-003  -25449.445794505147     
   2.9155785922950804E-003  -19045.492954564943     
   3.6444732403688503E-003  -15202.765663442477     
   4.3733678884426202E-003  -12640.599533616629     
   5.1022625365163901E-003  -10810.222540093910     
   5.8311571845901600E-003  -9437.3022810068687     
   6.5600518326639299E-003  -8369.3210305413631     
   7.2889464807376998E-003  -7514.8272943093862     
   8.0178411288114697E-003  -6815.5246383404483     
   8.7467357768852404E-003  -6232.8648281728247     
   9.4756304249590112E-003  -5739.7264101937089     
   1.0204525073032782E-002  -5316.9691830876800     
   1.0933419721106553E-002  -4950.5912949048006     
   1.1662314369180323E-002  -4629.9711540563230     
   1.2391209017254094E-002  -4347.0501627462154     
   1.3120103665327865E-002  -4095.5673026317772     
   1.3848998313401636E-002  -3870.5445582398684     
   1.4577892961475407E-002  -3668.0155078030966     
   1.5306787609549177E-002  -3484.7924237659572     
   1.6035682257622946E-002  -3318.3577481722577     
   1.6764576905696715E-002  -3166.1480601673525     
   1.7493471553770484E-002  -3026.7447394903802     
   1.8222366201844253E-002  -2898.9319480605554     
   1.8951260849918022E-002  -2780.1446590739038     
   1.9680155497991791E-002  -2670.5603179832865     
   2.0409050146065560E-002  -2568.8166300456987     
   2.1137944794139329E-002  -2474.1666948101265     
   2.1866839442213098E-002  -2385.7161278926396     
   2.2595734090286868E-002  -2302.6088281221655     
   2.3324628738360637E-002  -2225.5503191739499     
   2.4053523386434406E-002  -2152.7654389824102     
   2.4782418034508175E-002  -2084.2868605740600     
   2.5511312682581944E-002  -2019.7224723895945     
   2.6240207330655713E-002  -1958.7582728128380     
   2.6969101978729482E-002  -1901.1246828883968     
   2.7697996626803251E-002  -1846.5211779225797     
   2.8426891274877020E-002  -1794.7333290791296     
   2.9155785922950789E-002  -1745.5504619508342     
   3.0613575219098330E-002  -1654.2488240632470     
   3.2071364515245872E-002  -1571.2979325173687     
   3.3529153811393410E-002  -1495.6114750182892     
   3.4986943107540948E-002  -1426.2797463901406     
   3.6444732403688486E-002  -1362.5399719750219     
   3.7902521699836024E-002  -1303.7490918403687     
   3.9360310995983562E-002  -1249.3565698642942     
   4.0818100292131100E-002  -1198.8928882982805     
   4.2275889588278638E-002  -1151.9507889781999     
   4.3733678884426176E-002  -1108.1774601759130     
   4.5191468180573714E-002  -1067.2686794991178     
   4.6649257476721252E-002  -1028.9545969319431     
   4.8107046772868790E-002  -992.99902233337161     
   4.9564836069016328E-002  -959.19630133638111     
   5.1022625365163866E-002  -927.35934502471082     
   5.2480414661311404E-002  -897.32758362809432     
   5.3938203957458943E-002  -868.93868209533548     
   5.5395993253606481E-002  -842.10542475542366     
   5.6853782549754019E-002  -816.66547000200399     
   5.8311571845901557E-002  -792.53436819244644     
   5.9769361142049095E-002  -769.61226776638091     
   6.1227150438196633E-002  -747.81273463795185     
   6.2684939734344178E-002  -727.05852776189454     
   6.4142729030491716E-002  -707.28975927471265     
   6.5600518326639254E-002  -688.40615043803314     
   6.7058307622786792E-002  -670.38838848809644     
   6.8516096918934330E-002  -653.16446827002653     
   6.9973886215081868E-002  -636.68756740037884     
   7.1431675511229406E-002  -620.91175118710305     
   7.2889464807376944E-002  -605.79430843790044     
   7.4347254103524482E-002  -591.29694094339141     
   7.5805043399672020E-002  -577.39712041360508     
   7.7262832695819558E-002  -564.02247881699441     
   7.8720621991967096E-002  -551.21798027425939     
   8.0178411288114634E-002  -538.83112968241369     
   8.1636200584262172E-002  -526.94571765070543     
   8.3093989880409710E-002  -515.50053465982273     
   8.4551779176557249E-002  -504.47344355643224     
   8.6009568472704787E-002  -493.84157832040285     
   8.7467357768852325E-002  -483.77530690935100     
   9.0382936361147401E-002  -464.11287317699203     
   9.3298514953442477E-002  -445.95565318644350     
   9.6214093545737553E-002  -428.95409848429165     
   9.9129672138032629E-002  -413.01634346103111     
  0.10204525073032771       -398.04910572872302     
  0.10496082932262278       -383.96991832500697     
  0.10787640791491786       -370.69620002878850     
  0.11079198650721293       -358.16855170415340     
  0.11370756509950801       -346.32509649128787     
  0.11662314369180309       -335.11368471707181     
  0.11953872228409816       -324.48698977643079     
  0.12245430087639324       -314.39869429147700     
  0.12536987946868833       -304.81489214870459     
  0.12828545806098340       -295.69167677342887     
  0.13120103665327848       -287.01021785633986     
  0.13411661524557356       -278.71928210043814     
  0.13703219383786863       -270.81157270711697     
  0.13994777243016371       -263.25700759467890     
  0.14286335102245878       -256.01925083921833     
  0.14577892961475386       -249.11966402230368     
  0.14869450820704894       -242.49565718909577     
  0.15161008679934401       -236.14685547341696     
  0.15452566539163909       -230.06505044966917     
  0.15744124398393416       -224.21103208525295     
  0.16035682257622924       -218.57400721550991     
  0.16327240116852432       -213.21916316492684     
  0.16618797976081939       -207.96408583997163     
  0.16910355835311447       -202.99146678777620     
  0.17201913694540955       -198.17474115566853     
  0.17493471553770462       -193.53062155582330     
  0.17785029412999970       -189.06851434811338     
  0.18076587272229477       -184.75942602690333     
  0.18368145131458985       -180.56230752944811     
  0.18659702990688493       -176.54106888607407     
  0.18951260849918000       -172.64118241637283     
  0.19242818709147508       -168.88273166384641     
  0.19534376568377015       -165.24065026327429     
  0.19825934427606523       -161.71600711889823     
  0.20117492286836031       -158.30484361124832     
  0.20409050146065538       -155.00253346577028     
  0.20992165864524553       -148.70139283218387     
  0.21575281582983569       -142.91538676236343     
  0.22158397301442584       -137.19644536900574     
  0.22741513019901599       -131.94429150941752     
  0.23324628738360614       -126.96600879185604     
  0.23907744456819630       -122.26831081066602     
  0.24490860175278645       -117.82255542205553     
  0.25073975893737660       -113.60847169937522     
  0.25657091612196675       -109.61207295423989     
  0.26240207330655690       -105.82086879830145     
  0.26823323049114706       -102.21227392725821     
  0.27406438767573721       -98.786466005952917     
  0.27989554486032736       -95.558847679086668     
  0.28572670204491751       -92.413355489848300     
  0.29155785922950767       -89.452976071556535     
  0.29738901641409782       -86.628887727560382     
  0.30322017359868797       -83.936503098512006     
  0.30905133078327812       -81.367596637218881     
  0.31488248796786827       -78.916177812686016     
  0.32071364515245843       -76.573957423007442     
  0.32654480233704858       -74.342231613160891     
  0.33237595952163873       -72.211717767208398     
  0.33820711670622888       -70.183267745876748     
  0.34403827389081904       -68.260692057246175     
  0.34986943107540919       -66.442843539849491     
  0.35570058825999934       -64.646686029436395     
  0.36153174544458949       -62.899600871551677     
  0.36736290262917964       -61.211033607011764     
  0.37319405981376980       -59.587465159432718     
  0.37902521699835995       -58.025684720396001     
  0.38485637418295010       -56.514474735995648     
  0.39068753136754025       -55.032645228163553     
  0.39651868855213040       -53.667459666262161     
  0.40234984573672056       -52.324247502723509     
  0.40818100292131071       -51.027422496431029     
  0.41401216010590086       -49.755650060511620     
  0.41984331729049101       -48.574377946726457     
  0.42567447447508117       -47.410574690635592     
  0.43150563165967132       -46.290383419520055     
  0.43733678884426147       -45.205839156831921     
  0.44899910321344177       -43.143220304258868     
  0.46066141758262208       -41.214190243958456     
  0.47232373195180238       -39.404427637430892     
  0.48398604632098269       -37.700984400900921     
  0.49564836069016299       -36.065900470189632     
  0.50731067505934335       -34.585183069150489     
  0.51897298942852366       -33.155783030334433     
  0.53063530379770396       -31.806617657614623     
  0.54229761816688427       -30.524465352570811     
  0.55395993253606457       -29.310620615178813     
  0.56562224690524487       -28.159061437693079     
  0.57728456127442518       -27.064122569076034     
  0.58894687564360548       -26.024048255666745     
  0.60060919001278579       -25.035004461638874     
  0.61227150438196609       -24.091825751889360     
  0.62393381875114640       -23.193378309693287     
  0.63559613312032670       -22.337267831724688     
  0.64725844748950701       -21.521145018996883     
  0.65892076185868731       -20.743797999095154     
  0.67058307622786761       -19.998530532806317     
  0.68224539059704792       -19.288937264566538     
  0.69390770496622822       -18.611548602149732     
  0.70557001933540853       -17.961697971414143     
  0.71723233370458883       -17.341611343313353     
  0.72889464807376914       -16.748730098444273     
  0.74055696244294944       -16.181702944463336     
  0.75221927681212974       -15.637654036209714     
  0.76388159118131005       -15.116490968041427     
  0.77554390555049035       -14.621825017367797     
  0.78720621991967066       -14.141203050787258     
  0.79886853428885096       -13.680629718416958     
  0.81053084865803127       -13.244825539260345     
  0.82219316302721157       -12.824426673206517     
  0.83385547739639188       -12.419740319369112     
  0.84551779176557218       -12.032103816400356     
  0.85718010613475248       -11.660290640006922     
  0.86884242050393279       -11.303433675458356     
  0.88050473487311309       -10.957852044865099     
  0.89216704924229340       -10.629880229825631     
  0.90382936361147370       -10.312840690507326     
  0.92715399234983431       -9.7147446892703222     
  0.95047862108819492       -9.1618140341550625     
  0.97380324982655553       -8.6499401668159983     
  0.99712787856491614       -8.1742383070341642     
   1.0204525073032769       -7.7333658741188360     
   1.0437771360416375       -7.3155768639376753     
   1.0671017647799981       -6.9429779588713023     
   1.0904263935183587       -6.5853546782596650     
   1.1137510222567193       -6.2556932878887732     
   1.1370756509950799       -5.9421491843557011     
   1.1604002797334405       -5.6591788486453307     
   1.1837249084718011       -5.3887082136660123     
   1.2070495372101617       -5.1364586448242058     
   1.2303741659485223       -4.8999262279867075     
   1.2536987946868829       -4.6785729139260956     
   1.2770234234252436       -4.4706821148846725     
   1.3003480521636042       -4.2752094161068150     
   1.3236726809019648       -4.0924353665257014     
   1.3469973096403254       -3.9199394748689738     
   1.3703219383786860       -3.7576480866020980     
   1.3936465671170466       -3.6047926994893902     
   1.4169711958554072       -3.4604104950130319     
   1.4402958245937678       -3.3244171584130373     
   1.4636204533321284       -3.1959799321956952     
   1.4869450820704890       -3.0748606663388043     
   1.5102697108088496       -2.9603561450282800     
   1.5335943395472103       -2.8519598643733399     
   1.5569189682855709       -2.7492143097475541     
   1.5802435970239315       -2.6519276481547824     
   1.6035682257622921       -2.5597444571300798     
   1.6268928545006527       -2.4727654727164414     
   1.6502174832390133       -2.3823726414139781     
   1.6735421119773739       -2.3105054421312854     
   1.6968667407157345       -2.2352910904326184     
   1.7201913694540951       -2.1639306387767236     
   1.7435159981924557       -2.0955342165211333     
   1.7668406269308163       -2.0315152838717419     
   1.7901652556691769       -1.9698030756057572     
   1.8134898844075376       -1.9109377381369741     
   1.8368145131458982       -1.8551373049831987     
   1.8834637706226194       -1.7502959395637265     
   1.9301130280993406       -1.6546762739149137     
   1.9767622855760618       -1.5670736625663462     
   2.0234115430527830       -1.4865677560730981     
   2.0700608005295043       -1.4126602475843804     
   2.1167100580062255       -1.3442202536357328     
   2.1633593154829467       -1.2812261315616109     
   2.2100085729596679       -1.2226688825956447     
   2.2566578304363891       -1.1684965473873614     
   2.3033070879131103       -1.1178966087879370     
   2.3499563453898316       -1.0704137577836381     
   2.3966056028665528       -1.0268925086313616     
   2.4432548603432740      -0.98578479616008208     
   2.4899041178199952      -0.94730457031580029     
   2.5365533752967164      -0.91117609110678988     
   2.5832026327734376      -0.87712313074015902     
   2.6298518902501589      -0.84516231297100664     
   2.6765011477268801      -0.81533534544750308     
   2.7231504052036013      -0.78697383077291749     
   2.7697996626803225      -0.76030273484506072     
   2.8164489201570437      -0.73508373594301724     
   2.8630981776337650      -0.71113582634959638     
   2.9097474351104862      -0.68867056682222327     
   2.9563966925872074      -0.66735241119616562     
   3.0030459500639286      -0.64848244059318705     
   3.0496952075406498      -0.62811777012459780     
   3.0963444650173710      -0.60999159055281593     
   3.1429937224940923      -0.59285468040458722     
   3.1896429799708135      -0.57676052110782594     
   3.2362922374475347      -0.56126714990052440     
   3.2829414949242559      -0.54671309502890808     
   3.3295907524009771      -0.53296497022385847     
   3.3762400098776983      -0.51995504148553884     
   3.4228892673544196      -0.50769268167316350     
   3.4695385248311408      -0.49609611518026281     
 atom Ni   dist =  33.25918  coord =    0.00000   0.00000  33.25918
   7.2889464807377011E-004  -76672.644648615940     
   1.4577892961475402E-003  -38256.005619274358     
   2.1866839442213105E-003  -25449.445219421541     
   2.9155785922950804E-003  -19045.492379475105     
   3.6444732403688503E-003  -15202.765088349432     
   4.3733678884426202E-003  -12640.598958518882     
   5.1022625365163901E-003  -10810.221964990253     
   5.8311571845901600E-003  -9437.3017058988207     
   6.5600518326639299E-003  -8369.3204554276672     
   7.2889464807376998E-003  -7514.8267191899686     
   8.0178411288114697E-003  -6815.5240632116265     
   8.7467357768852404E-003  -6232.8642530410198     
   9.4756304249590112E-003  -5739.7258350549546     
   1.0204525073032782E-002  -5316.9686079427174     
   1.0933419721106553E-002  -4950.5907197521410     
   1.1662314369180323E-002  -4629.9705788963138     
   1.2391209017254094E-002  -4347.0495875786955     
   1.3120103665327865E-002  -4095.5667274558737     
   1.3848998313401636E-002  -3870.5439830557079     
   1.4577892961475407E-002  -3668.0149326055184     
   1.5306787609549177E-002  -3484.7918485640394     
   1.6035682257622946E-002  -3318.3571729650394     
   1.6764576905696715E-002  -3166.1474849516517     
   1.7493471553770484E-002  -3026.7441642594972     
   1.8222366201844253E-002  -2898.9313728435613     
   1.8951260849918022E-002  -2780.1440838220710     
   1.9680155497991791E-002  -2670.5597427205112     
   2.0409050146065560E-002  -2568.8160547715624     
   2.1137944794139329E-002  -2474.1661195308916     
   2.1866839442213098E-002  -2385.7155525948656     
   2.2595734090286868E-002  -2302.6082527913136     
   2.3324628738360637E-002  -2225.5497438511343     
   2.4053523386434406E-002  -2152.7648636466929     
   2.4782418034508175E-002  -2084.2862852246876     
   2.5511312682581944E-002  -2019.7218970264578     
   2.6240207330655713E-002  -1958.7576974351975     
   2.6969101978729482E-002  -1901.1241074929728     
   2.7697996626803251E-002  -1846.5206025153336     
   2.8426891274877020E-002  -1794.7327536569503     
   2.9155785922950789E-002  -1745.5498865127870     
   3.0613575219098330E-002  -1654.2482485927237     
   3.2071364515245872E-002  -1571.2973570126026     
   3.3529153811393410E-002  -1495.6108994768035     
   3.4986943107540948E-002  -1426.2791708122647     
   3.6444732403688486E-002  -1362.5393963575445     
   3.7902521699836024E-002  -1303.7485161896661     
   3.9360310995983562E-002  -1249.3559941777492     
   4.0818100292131100E-002  -1198.8923125738786     
   4.2275889588278638E-002  -1151.9502132133621     
   4.3733678884426176E-002  -1108.1768843689586     
   4.5191468180573714E-002  -1067.2681036478255     
   4.6649257476721252E-002  -1028.9540210343930     
   4.8107046772868790E-002  -992.99844638687421     
   4.9564836069016328E-002  -959.19572533941914     
   5.1022625365163866E-002  -927.35876897511343     
   5.2480414661311404E-002  -897.32700752438745     
   5.3938203957458943E-002  -868.93810591981878     
   5.5395993253606481E-002  -842.10484853700541     
   5.6853782549754019E-002  -816.66489372253648     
   5.8311571845901557E-002  -792.53379186422296     
   5.9769361142049095E-002  -769.61169138386526     
   6.1227150438196633E-002  -747.81215820051966     
   6.2684939734344178E-002  -727.05795126657063     
   6.4142729030491716E-002  -707.28918272041528     
   6.5600518326639254E-002  -688.40557382900897     
   6.7058307622786792E-002  -670.38781181172317     
   6.8516096918934330E-002  -653.16389153003809     
   6.9973886215081868E-002  -636.68699059580115     
   7.1431675511229406E-002  -620.91117431660405     
   7.2889464807376944E-002  -605.79373149946480     
   7.4347254103524482E-002  -591.29636393725400     
   7.5805043399672020E-002  -577.39654335584419     
   7.7262832695819558E-002  -564.02190167132119     
   7.8720621991967096E-002  -551.21740307166760     
   8.0178411288114634E-002  -538.83055239305452     
   8.1636200584262172E-002  -526.94514029010497     
   8.3093989880409710E-002  -515.49995722669689     
   8.4551779176557249E-002  -504.47286605176510     
   8.6009568472704787E-002  -493.84100073910099     
   8.7467357768852325E-002  -483.77472926328068     
   9.0382936361147401E-002  -464.11229537656732     
   9.3298514953442477E-002  -445.95507523506933     
   9.6214093545737553E-002  -428.95352038128135     
   9.9129672138032629E-002  -413.01576520536412     
  0.10204525073032771       -398.04852731657206     
  0.10496082932262278       -383.96933975720640     
  0.10787640791491786       -370.69562129711511     
  0.11079198650721293       -358.16797280804502     
  0.11370756509950801       -346.32451742983199     
  0.11662314369180309       -335.11310548468487     
  0.11953872228409816       -324.48641036974510     
  0.12245430087639324       -314.39811470549313     
  0.12536987946868833       -304.81431238084951     
  0.12828545806098340       -295.69109681622541     
  0.13120103665327848       -287.00963766752943     
  0.13411661524557356       -278.71870173762153     
  0.13703219383786863       -270.81099213596030     
  0.13994777243016371       -263.25642680764861     
  0.14286335102245878       -256.01866981430567     
  0.14577892961475386       -249.11908277905803     
  0.14869450820704894       -242.49507572183933     
  0.15161008679934401       -236.14627376840946     
  0.15452566539163909       -230.06446860655265     
  0.15744124398393416       -224.21044992138573     
  0.16035682257622924       -218.57342476729849     
  0.16327240116852432       -213.21858059304571     
  0.16618797976081939       -207.96350279449001     
  0.16910355835311447       -202.99088351827078     
  0.17201913694540955       -198.17415760817755     
  0.17493471553770462       -193.53003771574231     
  0.17785029412999970       -189.06793026030010     
  0.18076587272229477       -184.75884155644701     
  0.18368145131458985       -180.56172279994385     
  0.18659702990688493       -176.54048376355206     
  0.18951260849918000       -172.64059705796291     
  0.19242818709147508       -168.88214595337456     
  0.19534376568377015       -165.24006424014709     
  0.19825934427606523       -161.71542074106989     
  0.20117492286836031       -158.30425690350671     
  0.20409050146065538       -155.00194642193154     
  0.20992165864524553       -148.70080507135722     
  0.21575281582983569       -142.91479859530580     
  0.22158397301442584       -137.19585609353544     
  0.22741513019901599       -131.94370154255978     
  0.23324628738360614       -126.96541789804616     
  0.23907744456819630       -122.26771904439215     
  0.24490860175278645       -117.82196271780758     
  0.25073975893737660       -113.60787818080928     
  0.25657091612196675       -109.61147851263731     
  0.26240207330655690       -105.82027358089346     
  0.26823323049114706       -102.21167785734434     
  0.27406438767573721       -98.785868439918119     
  0.27989554486032736       -95.558249449830413     
  0.28572670204491751       -92.412756104940996     
  0.29155785922950767       -89.452375652195727     
  0.29738901641409782       -86.628286231860898     
  0.30322017359868797       -83.935900635202444     
  0.30905133078327812       -81.366992879295637     
  0.31488248796786827       -78.915573336446883     
  0.32071364515245843       -76.573352182359287     
  0.32654480233704858       -74.341625385772986     
  0.33237595952163873       -72.211110938535825     
  0.33820711670622888       -70.182661477458652     
  0.34403827389081904       -68.260086888987857     
  0.34986943107540919       -66.442235007527799     
  0.35570058825999934       -64.646072878294007     
  0.36153174544458949       -62.898984556508765     
  0.36736290262917964       -61.210415108459948     
  0.37319405981376980       -59.586844862628872     
  0.37902521699835995       -58.025065506988248     
  0.38485637418295010       -56.513850986722211     
  0.39068753136754025       -55.032020061779974     
  0.39651868855213040       -53.666828937834715     
  0.40234984573672056       -52.323616643534535     
  0.40818100292131071       -51.026792618164514     
  0.41401216010590086       -49.755019641126289     
  0.41984331729049101       -48.573745249486599     
  0.42567447447508117       -47.409939956639974     
  0.43150563165967132       -46.289747687544839     
  0.43733678884426147       -45.205202093525706     
  0.44899910321344177       -43.142581918863833     
  0.46066141758262208       -41.213547053201175     
  0.47232373195180238       -39.403781458060969     
  0.48398604632098269       -37.700335810868175     
  0.49564836069016299       -36.064866439362490     
  0.50731067505934335       -34.584528628266540     
  0.51897298942852366       -33.155126170395597     
  0.53063530379770396       -31.805956866192030     
  0.54229761816688427       -30.523801080991824     
  0.55395993253606457       -29.309953185946434     
  0.56562224690524487       -28.158391021614904     
  0.57728456127442518       -27.063448109856889     
  0.58894687564360548       -26.023370211117431     
  0.60060919001278579       -25.034321551354953     
  0.61227150438196609       -24.091141102036072     
  0.62393381875114640       -23.192688543076613     
  0.63559613312032670       -22.336573171086453     
  0.64725844748950701       -21.520446939533887     
  0.65892076185868731       -20.743095301154682     
  0.67058307622786761       -19.997821690248667     
  0.68224539059704792       -19.288226013573492     
  0.69390770496622822       -18.610831230855915     
  0.70557001933540853       -17.960981353246506     
  0.71723233370458883       -17.340886211190856     
  0.72889464807376914       -16.747998997829555     
  0.74055696244294944       -16.180967466286653     
  0.75221927681212974       -15.636912857941340     
  0.76388159118131005       -15.115744029742782     
  0.77554390555049035       -14.621066712842548     
  0.78720621991967066       -14.140445151180336     
  0.79886853428885096       -13.679870698476815     
  0.81053084865803127       -13.244060524951255     
  0.82219316302721157       -12.823651611035210     
  0.83385547739639188       -12.418959755885956     
  0.84551779176557218       -12.031316527274205     
  0.85718010613475248       -11.659496756249771     
  0.86884242050393279       -11.302637528646512     
  0.88050473487311309       -10.957052252600532     
  0.89216704924229340       -10.629064706649784     
  0.90382936361147370       -10.312018946132165     
  0.92715399234983431       -9.7139076461748388     
  0.95047862108819492       -9.1609613408209523     
  0.97380324982655553       -8.6490683968071007     
  0.99712787856491614       -8.1733526084865176     
   1.0204525073032769       -7.7324658074842292     
   1.0437771360416375       -7.3146620171804715     
   1.0671017647799981       -6.9420362475204493     
   1.0904263935183587       -6.5843762756448534     
   1.1137510222567193       -6.2547113256351370     
   1.1370756509950799       -5.9411635214551044     
   1.1604002797334405       -5.6581392604642273     
   1.1837249084718011       -5.3876576275089123     
   1.2070495372101617       -5.1353800447435507     
   1.2303741659485223       -4.8988217236629668     
   1.2536987946868829       -4.6774471897253687     
   1.2770234234252436       -4.4695259397992508     
   1.3003480521636042       -4.2740648520491415     
   1.3236726809019648       -4.0912611642708967     
   1.3469973096403254       -3.9184128819239152     
   1.3703219383786860       -3.7560029884540240     
   1.3936465671170466       -3.6034765041855343     
   1.4169711958554072       -3.4590599613047224     
   1.4402958245937678       -3.3230904394706742     
   1.4636204533321284       -3.1946308317602696     
   1.4869450820704890       -3.0733922868259027     
   1.5102697108088496       -2.9588420150875931     
   1.5335943395472103       -2.8505937523291349     
   1.5569189682855709       -2.7472770175350369     
   1.5802435970239315       -2.6561403890126525     
   1.6035682257622921       -2.5580755667926032     
   1.6268928545006527       -2.4704561628168240     
   1.6502174832390133       -2.3889589829976390     
   1.6735421119773739       -2.3085535075223178     
   1.6968667407157345       -2.2333863224427564     
   1.7201913694540951       -2.1575083197804776     
   1.7435159981924557       -2.0940071972713432     
   1.7668406269308163       -2.0294342624671287     
   1.7901652556691769       -1.9676635264064397     
   1.8134898844075376       -1.9088047413383429     
   1.8368145131458982       -1.8530524745257861     
   1.8834637706226194       -1.7478719865547792     
   1.9301130280993406       -1.6521032013767225     
   1.9767622855760618       -1.5643629090108517     
   2.0234115430527830       -1.4837017199745985     
   2.0700608005295043       -1.4096032381484283     
   2.1167100580062255       -1.3409659815062591     
   2.1633593154829467       -1.2777658456188192     
   2.2100085729596679       -1.2189946167714798     
   2.2566578304363891       -1.1645189699609224     
   2.3033070879131103       -1.1137774198745918     
   2.3499563453898316       -1.0662384303610555     
   2.3966056028665528       -1.0222579930643731     
   2.4432548603432740      -0.98081602077025631     
   2.4899041178199952      -0.94203302326244409     
   2.5365533752967164      -0.90560384396729698     
   2.5832026327734376      -0.87133709004903070     
   2.6298518902501589      -0.83908958085600249     
   2.6765011477268801      -0.80866467738982772     
   2.7231504052036013      -0.77991421395686344     
   2.7697996626803225      -0.75280122792813742     
   2.8164489201570437      -0.72710874195527164     
   2.8630981776337650      -0.70275947864583466     
   2.9097474351104862      -0.67972236318227419     
   2.9563966925872074      -0.65782682140885085     
   3.0030459500639286      -0.63686517665693165     
   3.0496952075406498      -0.61734509577040919     
   3.0963444650173710      -0.59858495302679038     
   3.1429937224940923      -0.58073356608121518     
   3.1896429799708135      -0.56373449967528433     
   3.2362922374475347      -0.54759396784815240     
   3.2829414949242559      -0.53220179323334715     
   3.3295907524009771      -0.51757003848427352     
   3.3762400098776983      -0.50361245022862855     
   3.4228892673544196      -0.49034220075032919     
   3.4695385248311408      -0.47769848958612421     
