#cross section
0.9038854806
0.9416155419
0.9628834356
0.9588957055
1.014826176
1.066768916
1.135378323
1.161656442
1.2
1.199284254
1.182106339
1.126687117
1.088650307
1.042842536
0.9835378323
0.9329243354
0.926993865
0.9063394683
0.8647239264
0.8560327198
0.8530674847
0.849591002
0.8483640082
0.8972392638
0.9624744376
0.9440695297
0.9232106339
0.9374233129
0.9788343558
1.013087935
0.9860940695
0.9761758691
0.9849693252
1.013803681
1.048875256
1.088445808
1.106543967
1.090797546
1.062883436
1.029550102
0.995807771
0.9484662577
0.9299591002
0.949591002
0.9840490798
1.016155419
1.064110429
1.105316973
1.107668712
1.125051125
1.115337423
1.070961145
1.066666667
1.021676892
0.9782208589
0.9648261759
0.9777096115
0.9440695297
0.9689161554
0.9479550102
0.9034764826
0.8626789366
0.872392638
0.8639059305
0.9036809816
0.9674846626
1.003271984
1.019018405
0.9944785276
0.9428425358
0.9085889571
0.8870143149
0.8559304703
0.8398773006
0.832208589
0.8051124744
