        5        1        1        0        2
       20       20       20       20
       20        0        0        0
--------------------  ATOM   1  --->  Z = 
      9.9986   -0.0000      0.490588E+00     -0.403441E+00      0.440714E-03      0.691591-309
      0.6882   -0.0000     -0.156925-305      0.000000E+00
      9.9986   -0.0000     -0.416380E+00     -0.776816E+00     -0.432680E+00     -0.750576E+00
      2.0628    0.0000      0.209373E+01      0.657679E-17
      9.9986   -0.0000      0.299153E+00     -0.993658E-01      0.305104E+00     -0.103880E+00
      0.3207   -0.0000      0.328162E+00     -0.104334E-15
      9.9986   -0.0000     -0.432508E+00     -0.750872E+00     -0.433513E+00     -0.749132E+00
      2.0934   -0.0000      0.209540E+01     -0.597503E-16
      9.9986   -0.0000      0.265571E+00     -0.923642E+00      0.264983E+00     -0.924010E+00
      1.2908    0.0000      0.129152E+01      0.560886E-16
      9.9986   -0.0000      0.493067E+00     -0.582973E+00      0.493015E+00     -0.583282E+00
      0.8688   -0.0000      0.869070E+00      0.594138E-16
      9.9986   -0.0000      0.471947E+00     -0.334875E+00      0.472002E+00     -0.335033E+00
      0.6171    0.0000      0.617281E+00      0.124960E-15
      9.9986   -0.0000      0.404608E+00     -0.206245E+00      0.404668E+00     -0.206327E+00
      0.4714   -0.0000      0.471511E+00      0.681522E-16
      9.9986   -0.0000      0.330145E+00     -0.124494E+00      0.330196E+00     -0.124539E+00
      0.3606   -0.0000      0.360670E+00      0.131653E-15
      9.9986   -0.0000      0.273935E+00     -0.817182E-01      0.273974E+00     -0.817438E-01
      0.2899    0.0000      0.289955E+00     -0.172592E-15
      9.9986   -0.0000      0.230523E+00     -0.563121E-01      0.230554E+00     -0.563282E-01
      0.2396   -0.0000      0.239622E+00     -0.225016E-16
      9.9986   -0.0000      0.182842E+00     -0.346303E-01      0.182866E+00     -0.346398E-01
      0.1872   -0.0000      0.187209E+00     -0.260578E-16
      9.9986   -0.0000      0.149370E+00     -0.228329E-01      0.149389E+00     -0.228387E-01
      0.1517    0.0000      0.151706E+00      0.513835E-16
      9.9986   -0.0000      0.130260E+00     -0.172658E-01      0.130275E+00     -0.172699E-01
      0.1318   -0.0000      0.131796E+00      0.199961E-15
      9.9986   -0.0000      0.104844E+00     -0.111159E-01      0.104856E+00     -0.111185E-01
      0.1056    0.0000      0.105641E+00      0.669301E-17
      9.9986   -0.0000      0.691301E-01     -0.480202E-02      0.691383E-01     -0.480317E-02
      0.0694   -0.0000      0.693605E-01     -0.194693E-16
      9.9986   -0.0000      0.362750E-01     -0.131761E-02      0.362795E-01     -0.131794E-02
      0.0363    0.0000      0.363114E-01     -0.653734E-16
      9.9986   -0.0000      0.154445E-01     -0.238589E-03      0.154464E-01     -0.238649E-03
      0.0154   -0.0000      0.154489E-01      0.399943E-17
      9.9986   -0.0000      0.548492E-02     -0.300853E-04      0.548563E-02     -0.300930E-04
      0.0055    0.0000      0.548574E-02     -0.216742E-16
      9.9986   -0.0000      0.165963E-02     -0.275437E-05      0.165985E-02     -0.275511E-05
      0.0017    0.0000      0.165985E-02      0.184616E-16
      9.9986   -0.0000      0.434353E-03     -0.188662E-06      0.434412E-03     -0.188714E-06
      0.0004   -0.0000      0.434412E-03      0.658874E-16
--------------------  ATOM   2  --->  Z = 
      9.9986   -0.0000      0.484072E+00     -0.374801E+00      0.434412E-03     -0.188714E-06
      0.6589   -0.0000      0.434412E-03      0.658874E-16
      9.9986   -0.0000     -0.394103E+00     -0.807706E+00     -0.412324E+00     -0.782823E+00
      2.0247    0.0000      0.205559E+01      0.112812E-15
      9.9986   -0.0000      0.263286E+00     -0.749346E-01      0.269398E+00     -0.787816E-01
      0.2773   -0.0000      0.284503E+00     -0.969732E-16
      9.9986   -0.0000     -0.427830E+00     -0.758769E+00     -0.428809E+00     -0.757144E+00
      2.0842    0.0000      0.208611E+01     -0.222636E-16
      9.9986   -0.0000      0.251657E+00     -0.932052E+00      0.251071E+00     -0.932393E+00
      1.3071    0.0000      0.130776E+01      0.101472E-15
      9.9986   -0.0000      0.489441E+00     -0.602215E+00      0.489376E+00     -0.602523E+00
      0.8883   -0.0000      0.888653E+00     -0.309918E-16
      9.9986   -0.0000      0.477068E+00     -0.350312E+00      0.477119E+00     -0.350475E+00
      0.6334    0.0000      0.633549E+00     -0.140487E-15
      9.9986   -0.0000      0.412465E+00     -0.217383E+00      0.412524E+00     -0.217469E+00
      0.4850   -0.0000      0.485144E+00     -0.422984E-16
      9.9986   -0.0000      0.338166E+00     -0.131701E+00      0.338217E+00     -0.131748E+00
      0.3714    0.0000      0.371455E+00     -0.198009E-16
      9.9986   -0.0000      0.281154E+00     -0.865360E-01      0.281194E+00     -0.865629E-01
      0.2986   -0.0000      0.298635E+00     -0.644498E-16
      9.9986   -0.0000      0.237158E+00     -0.598225E-01      0.237189E+00     -0.598395E-01
      0.2471    0.0000      0.247129E+00     -0.144133E-16
      9.9986   -0.0000      0.188269E+00     -0.367992E-01      0.188293E+00     -0.368092E-01
      0.1930   -0.0000      0.193054E+00     -0.224263E-16
      9.9986   -0.0000      0.153809E+00     -0.242450E-01      0.153828E+00     -0.242511E-01
      0.1563   -0.0000      0.156364E+00     -0.674660E-16
      9.9986   -0.0000      0.134489E+00     -0.184269E-01      0.134504E+00     -0.184311E-01
      0.1362    0.0000      0.136182E+00     -0.518298E-16
      9.9986   -0.0000      0.108712E+00     -0.119614E-01      0.108724E+00     -0.119641E-01
      0.1096    0.0000      0.109600E+00     -0.526977E-16
      9.9986   -0.0000      0.719433E-01     -0.520291E-02      0.719515E-01     -0.520410E-02
      0.0722   -0.0000      0.722022E-01      0.690171E-16
      9.9986   -0.0000      0.378325E-01     -0.143335E-02      0.378369E-01     -0.143368E-02
      0.0379   -0.0000      0.378731E-01     -0.540476E-16
      9.9986   -0.0000      0.161243E-01     -0.260060E-03      0.161262E-01     -0.260122E-03
      0.0161   -0.0000      0.161290E-01      0.210339E-17
      9.9986   -0.0000      0.572958E-02     -0.328291E-04      0.573027E-02     -0.328371E-04
      0.0057   -0.0000      0.573040E-02      0.631068E-16
      9.9986   -0.0000      0.173440E-02     -0.300814E-05      0.173461E-02     -0.300888E-05
      0.0017   -0.0000      0.173461E-02     -0.417179E-16
      9.9986   -0.0000      0.454095E-03     -0.206202E-06      0.454153E-03     -0.206255E-06
      0.0005    0.0000      0.454153E-03      0.254865E-17
--------------------  ATOM   3  --->  Z = 
      9.9986   -0.0000      0.484071E+00     -0.374801E+00      0.454153E-03     -0.206255E-06
      0.6589   -0.0000      0.454153E-03      0.254865E-17
      9.9986   -0.0000     -0.394102E+00     -0.807707E+00     -0.412323E+00     -0.782824E+00
      2.0247    0.0000      0.205559E+01     -0.118359E-16
      9.9986   -0.0000      0.263284E+00     -0.749335E-01      0.269396E+00     -0.787805E-01
      0.2773    0.0000      0.284501E+00      0.120656E-15
      9.9986   -0.0000     -0.427829E+00     -0.758771E+00     -0.428808E+00     -0.757146E+00
      2.0842   -0.0000      0.208610E+01      0.315646E-16
      9.9986   -0.0000      0.251659E+00     -0.932051E+00      0.251073E+00     -0.932392E+00
      1.3071   -0.0000      0.130776E+01     -0.752719E-17
      9.9986   -0.0000      0.489442E+00     -0.602210E+00      0.489377E+00     -0.602518E+00
      0.8883   -0.0000      0.888649E+00      0.212711E-16
      9.9986   -0.0000      0.477067E+00     -0.350312E+00      0.477118E+00     -0.350474E+00
      0.6334   -0.0000      0.633548E+00      0.330076E-16
      9.9986   -0.0000      0.412465E+00     -0.217383E+00      0.412525E+00     -0.217470E+00
      0.4850   -0.0000      0.485145E+00      0.881221E-16
      9.9986   -0.0000      0.338159E+00     -0.131695E+00      0.338210E+00     -0.131742E+00
      0.3714    0.0000      0.371446E+00      0.103714E-16
      9.9986   -0.0000      0.281154E+00     -0.865363E-01      0.281194E+00     -0.865633E-01
      0.2986   -0.0000      0.298635E+00      0.792216E-16
      9.9986   -0.0000      0.237163E+00     -0.598256E-01      0.237195E+00     -0.598426E-01
      0.2471    0.0000      0.247135E+00      0.438955E-16
      9.9986   -0.0000      0.188269E+00     -0.367993E-01      0.188293E+00     -0.368092E-01
      0.1930   -0.0000      0.193054E+00      0.127138E-16
      9.9986   -0.0000      0.153812E+00     -0.242460E-01      0.153831E+00     -0.242521E-01
      0.1563   -0.0000      0.156367E+00     -0.148600E-17
      9.9986   -0.0000      0.134505E+00     -0.184312E-01      0.134520E+00     -0.184355E-01
      0.1362    0.0000      0.136198E+00      0.126088E-15
      9.9986   -0.0000      0.108735E+00     -0.119666E-01      0.108747E+00     -0.119693E-01
      0.1096   -0.0000      0.109624E+00     -0.211907E-16
      9.9986   -0.0000      0.719631E-01     -0.520579E-02      0.719713E-01     -0.520698E-02
      0.0722   -0.0000      0.722222E-01      0.385139E-16
      9.9986   -0.0000      0.378441E-01     -0.143423E-02      0.378485E-01     -0.143457E-02
      0.0379   -0.0000      0.378848E-01     -0.565008E-16
      9.9986   -0.0000      0.161295E-01     -0.260227E-03      0.161314E-01     -0.260289E-03
      0.0161   -0.0000      0.161342E-01     -0.353332E-16
      9.9986   -0.0000      0.573144E-02     -0.328505E-04      0.573214E-02     -0.328585E-04
      0.0057   -0.0000      0.573226E-02     -0.463681E-16
      9.9986   -0.0000      0.173496E-02     -0.301011E-05      0.173518E-02     -0.301085E-05
      0.0017    0.0000      0.173518E-02      0.184750E-17
      9.9986   -0.0000      0.454243E-03     -0.206337E-06      0.454302E-03     -0.206390E-06
      0.0005    0.0000      0.454302E-03      0.101924E-15
--------------------  ATOM   4  --->  Z = 
      9.9986   -0.0000      0.484074E+00     -0.374811E+00      0.454302E-03     -0.206390E-06
      0.6589   -0.0000      0.454302E-03      0.101924E-15
      9.9986   -0.0000     -0.394109E+00     -0.807698E+00     -0.412330E+00     -0.782815E+00
      2.0247    0.0000      0.205560E+01      0.373895E-17
      9.9986   -0.0000      0.263294E+00     -0.749397E-01      0.269406E+00     -0.787868E-01
      0.2773   -0.0000      0.284513E+00     -0.286611E-16
      9.9986   -0.0000     -0.427835E+00     -0.758760E+00     -0.428814E+00     -0.757136E+00
      2.0842    0.0000      0.208612E+01     -0.547724E-16
      9.9986   -0.0000      0.251649E+00     -0.932057E+00      0.251062E+00     -0.932398E+00
      1.3071   -0.0000      0.130777E+01     -0.478041E-16
      9.9986   -0.0000      0.489439E+00     -0.602222E+00      0.489375E+00     -0.602530E+00
      0.8883    0.0000      0.888661E+00     -0.105268E-15
      9.9986   -0.0000      0.477071E+00     -0.350322E+00      0.477122E+00     -0.350485E+00
      0.6334    0.0000      0.633560E+00     -0.258748E-17
      9.9986   -0.0000      0.412472E+00     -0.217393E+00      0.412531E+00     -0.217479E+00
      0.4851    0.0000      0.485156E+00     -0.569968E-16
      9.9986   -0.0000      0.338167E+00     -0.131702E+00      0.338218E+00     -0.131749E+00
      0.3714   -0.0000      0.371456E+00      0.266964E-16
      9.9986   -0.0000      0.281163E+00     -0.865421E-01      0.281202E+00     -0.865690E-01
      0.2986    0.0000      0.298646E+00     -0.208186E-16
      9.9986   -0.0000      0.237173E+00     -0.598306E-01      0.237204E+00     -0.598475E-01
      0.2471    0.0000      0.247146E+00     -0.421605E-16
      9.9986   -0.0000      0.188277E+00     -0.368027E-01      0.188302E+00     -0.368126E-01
      0.1930   -0.0000      0.193063E+00      0.409534E-16
      9.9986   -0.0000      0.153820E+00     -0.242485E-01      0.153839E+00     -0.242546E-01
      0.1564   -0.0000      0.156375E+00      0.692482E-16
      9.9986   -0.0000      0.134513E+00     -0.184335E-01      0.134528E+00     -0.184378E-01
      0.1362    0.0000      0.136206E+00     -0.136261E-15
      9.9986   -0.0000      0.108743E+00     -0.119683E-01      0.108755E+00     -0.119710E-01
      0.1096    0.0000      0.109631E+00      0.377012E-16
      9.9986   -0.0000      0.719687E-01     -0.520660E-02      0.719769E-01     -0.520779E-02
      0.0722    0.0000      0.722278E-01      0.386782E-16
      9.9986   -0.0000      0.378472E-01     -0.143447E-02      0.378516E-01     -0.143480E-02
      0.0379   -0.0000      0.378879E-01     -0.352705E-16
      9.9986   -0.0000      0.161308E-01     -0.260270E-03      0.161327E-01     -0.260332E-03
      0.0161    0.0000      0.161355E-01      0.217058E-16
      9.9986   -0.0000      0.573193E-02     -0.328561E-04      0.573262E-02     -0.328640E-04
      0.0057    0.0000      0.573274E-02      0.494564E-16
      9.9986   -0.0000      0.173511E-02     -0.301061E-05      0.173532E-02     -0.301136E-05
      0.0017   -0.0000      0.173533E-02     -0.409858E-16
      9.9986   -0.0000      0.454282E-03     -0.206372E-06      0.454340E-03     -0.206425E-06
      0.0005    0.0000      0.454340E-03     -0.125843E-15
--------------------  ATOM   5  --->  Z = 
      9.9986   -0.0000      0.483766E+00     -0.373625E+00      0.454340E-03     -0.206425E-06
      0.6576    0.0000      0.454340E-03     -0.125843E-15
      9.9986   -0.0000     -0.393338E+00     -0.808683E+00     -0.411623E+00     -0.783843E+00
      2.0235    0.0000      0.205435E+01      0.791288E-16
      9.9986   -0.0000      0.262210E+00     -0.742700E-01      0.268332E+00     -0.781017E-01
      0.2760   -0.0000      0.283239E+00      0.753375E-16
      9.9986   -0.0000     -0.427184E+00     -0.759835E+00     -0.428166E+00     -0.758212E+00
      2.0830    0.0000      0.208486E+01     -0.121409E-16
      9.9986   -0.0000      0.252580E+00     -0.931513E+00      0.251994E+00     -0.931855E+00
      1.3060   -0.0000      0.130669E+01      0.210728E-16
      9.9986   -0.0000      0.489716E+00     -0.600888E+00      0.489652E+00     -0.601196E+00
      0.8870    0.0000      0.887298E+00      0.308113E-16
      9.9986   -0.0000      0.476734E+00     -0.349253E+00      0.476785E+00     -0.349416E+00
      0.6323    0.0000      0.632439E+00      0.147664E-15
      9.9986   -0.0000      0.411617E+00     -0.216148E+00      0.411676E+00     -0.216235E+00
      0.4835    0.0000      0.483646E+00     -0.175401E-16
      9.9986   -0.0000      0.337200E+00     -0.130817E+00      0.337252E+00     -0.130864E+00
      0.3701    0.0000      0.370146E+00      0.320468E-16
      9.9986   -0.0000      0.280008E+00     -0.857594E-01      0.280048E+00     -0.857864E-01
      0.2972   -0.0000      0.297251E+00      0.124327E-15
      9.9986   -0.0000      0.235642E+00     -0.590093E-01      0.235674E+00     -0.590262E-01
      0.2454    0.0000      0.245409E+00      0.981065E-17
      9.9986   -0.0000      0.186895E+00     -0.362432E-01      0.186919E+00     -0.362531E-01
      0.1915   -0.0000      0.191572E+00      0.949076E-16
      9.9986   -0.0000      0.152456E+00     -0.238096E-01      0.152475E+00     -0.238157E-01
      0.1549   -0.0000      0.154943E+00      0.604835E-16
      9.9986   -0.0000      0.132691E+00     -0.179283E-01      0.132707E+00     -0.179326E-01
      0.1343    0.0000      0.134316E+00      0.384925E-16
      9.9986   -0.0000      0.106675E+00     -0.115121E-01      0.106688E+00     -0.115148E-01
      0.1075    0.0000      0.107514E+00      0.118172E-15
      9.9986   -0.0000      0.702895E-01     -0.496526E-02      0.702979E-01     -0.496647E-02
      0.0705   -0.0000      0.705316E-01     -0.171450E-16
      9.9986   -0.0000      0.368606E-01     -0.136056E-02      0.368652E-01     -0.136089E-02
      0.0369   -0.0000      0.368987E-01     -0.112386E-17
      9.9986   -0.0000      0.156847E-01     -0.246070E-03      0.156867E-01     -0.246133E-03
      0.0157    0.0000      0.156893E-01      0.857411E-16
      9.9986   -0.0000      0.556765E-02     -0.309997E-04      0.556838E-02     -0.310078E-04
      0.0056   -0.0000      0.556849E-02     -0.102757E-16
      9.9986   -0.0000      0.168410E-02     -0.283619E-05      0.168432E-02     -0.283695E-05
      0.0017   -0.0000      0.168433E-02      0.668443E-16
      9.9986   -0.0000      0.440653E-03     -0.194175E-06      0.440714E-03     -0.194229E-06
      0.0004    0.0000      0.440714E-03     -0.564293E-16
