    27.86330     5.28831  -0.00000    1    0   0.492313E+00-0.412663E+00   0.697611E+00-0.662829E-16   0.00046
     0.00000    -0.00000   0.00000
    27.86330     5.28831  -0.00000    1    1  -0.421516E+00-0.768932E+00   0.207224E+01 0.313284E-16  -0.43732
    -0.74239     2.10314   0.00000
    27.86330     5.28831  -0.00000    1    2   0.306625E+00-0.105056E+00   0.330085E+00 0.184418E-16   0.31249
    -0.10968     0.33755  -0.00000
    27.86330     5.28831  -0.00000    1    3  -0.437036E+00-0.742898E+00   0.210256E+01-0.267916E-16  -0.43801
    -0.74114     2.10457  -0.00000
    27.86330     5.28831  -0.00000    1    4   0.258177E+00-0.928187E+00   0.129950E+01 0.530441E-16   0.25758
    -0.92855     1.30020   0.00000
    27.86330     5.28831  -0.00000    1    5   0.491506E+00-0.591771E+00   0.877693E+00-0.313944E-16   0.49145
    -0.59208     0.87801  -0.00000
    27.86330     5.28831  -0.00000    1    6   0.474600E+00-0.342663E+00   0.625342E+00 0.513473E-16   0.47465
    -0.34282     0.62551   0.00000
    27.86330     5.28831  -0.00000    1    7   0.409583E+00-0.213221E+00   0.479977E+00-0.462180E-16   0.40964
    -0.21331     0.48008   0.00000
    27.86330     5.28831  -0.00000    1    8   0.335929E+00-0.129660E+00   0.368357E+00-0.973596E-16   0.33598
    -0.12971     0.36843   0.00000
    27.86330     5.28831  -0.00000    1    9   0.280267E+00-0.859340E-01   0.297515E+00 0.333823E-16   0.28031
    -0.08596     0.29756   0.00000
    27.86330     5.28831  -0.00000    1   10   0.237303E+00-0.599006E-01   0.247258E+00-0.862999E-17   0.23733
    -0.05992     0.24729  -0.00000
    27.86330     5.28831  -0.00000    1   11   0.188986E+00-0.370913E-01   0.193802E+00 0.244909E-16   0.18901
    -0.03710     0.19383   0.00000
    27.86330     5.28831  -0.00000    1   12   0.155166E+00-0.246859E-01   0.157771E+00-0.272671E-16   0.15518
    -0.02469     0.15779   0.00000
    27.86330     5.28831  -0.00000    1   13   0.136323E+00-0.189427E-01   0.138071E+00 0.234814E-16   0.13634
    -0.01895     0.13809  -0.00000
    27.86330     5.28831  -0.00000    1   14   0.110445E+00-0.123507E-01   0.111364E+00-0.661135E-16   0.11046
    -0.01235     0.11138   0.00000
    27.86330     5.28831  -0.00000    1   15   0.731040E-01-0.537307E-02   0.733670E-01-0.144130E-15   0.07311
    -0.00537     0.07338  -0.00000
    27.86330     5.28831  -0.00000    1   16   0.384015E-01-0.147685E-02   0.384393E-01-0.292989E-16   0.03841
    -0.00148     0.03844   0.00000
    27.86330     5.28831  -0.00000    1   17   0.163405E-01-0.267083E-03   0.163434E-01 0.401421E-16   0.01634
    -0.00027     0.01635  -0.00000
    27.86330     5.28831  -0.00000    1   18   0.579654E-02-0.336010E-04   0.579667E-02-0.628531E-16   0.00580
    -0.00003     0.00580  -0.00000
    27.86330     5.28831  -0.00000    1   19   0.175177E-02-0.306872E-05   0.175178E-02-0.714677E-16   0.00175
    -0.00000     0.00175   0.00000
    27.86330     5.28831  -0.00000    1   20   0.457927E-03-0.209697E-06   0.457927E-03-0.446359E-16   0.00046
    -0.00000     0.00046  -0.00000
    27.86330     5.28831  -0.00000    2    0   0.486314E+00-0.383818E+00   0.668145E+00 0.651245E-16   0.00046
    -0.00000     0.00046  -0.00000
    27.86330     5.28831  -0.00000    2    1  -0.399784E+00-0.800288E+00   0.203408E+01 0.135242E-16  -0.41754
    -0.77507     2.06493  -0.00000
    27.86330     5.28831  -0.00000    2    2   0.271172E+00-0.799215E-01   0.286612E+00 0.368895E-16   0.27721
    -0.08388     0.29383  -0.00000
    27.86330     5.28831  -0.00000    2    3  -0.432485E+00-0.750911E+00   0.209334E+01 0.295776E-16  -0.43343
    -0.74927     2.09524  -0.00000
    27.86330     5.28831  -0.00000    2    4   0.244158E+00-0.936334E+00   0.131572E+01-0.319773E-16   0.24357
    -0.93666     1.31639  -0.00000
    27.86330     5.28831  -0.00000    2    5   0.487552E+00-0.610874E+00   0.897202E+00-0.910217E-16   0.48748
    -0.61118     0.89752   0.00000
    27.86330     5.28831  -0.00000    2    6   0.479412E+00-0.358000E+00   0.641416E+00-0.147175E-17   0.47946
    -0.35816     0.64159   0.00000
    27.86330     5.28831  -0.00000    2    7   0.417106E+00-0.224278E+00   0.493351E+00-0.419527E-16   0.41716
    -0.22437     0.49346   0.00000
    27.86330     5.28831  -0.00000    2    8   0.343694E+00-0.136855E+00   0.378944E+00 0.470826E-16   0.34375
    -0.13690     0.37901  -0.00000
    27.86330     5.28831  -0.00000    2    9   0.287333E+00-0.908059E-01   0.306098E+00-0.231579E-16   0.28737
    -0.09083     0.30615  -0.00000
    27.86330     5.28831  -0.00000    2   10   0.243846E+00-0.634919E-01   0.254722E+00-0.510068E-16   0.24388
    -0.06351     0.25476  -0.00000
    27.86330     5.28831  -0.00000    2   11   0.194346E+00-0.393162E-01   0.199606E+00-0.318176E-16   0.19437
    -0.03933     0.19963   0.00000
    27.86330     5.28831  -0.00000    2   12   0.159553E+00-0.261404E-01   0.162393E+00-0.858448E-16   0.15957
    -0.02615     0.16241  -0.00000
    27.86330     5.28831  -0.00000    2   13   0.140525E+00-0.201533E-01   0.142444E+00-0.160332E-16   0.14054
    -0.02016     0.14246   0.00000
    27.86330     5.28831  -0.00000    2   14   0.114313E+00-0.132428E-01   0.115333E+00-0.472302E-17   0.11433
    -0.01325     0.11535  -0.00000
    27.86330     5.28831  -0.00000    2   15   0.759272E-01-0.579857E-02   0.762221E-01 0.227205E-16   0.07594
    -0.00580     0.07623  -0.00000
    27.86330     5.28831  -0.00000    2   16   0.399639E-01-0.159967E-02   0.400066E-01 0.536732E-16   0.03997
    -0.00160     0.04001  -0.00000
    27.86330     5.28831  -0.00000    2   17   0.170206E-01-0.289784E-03   0.170239E-01 0.356370E-16   0.01702
    -0.00029     0.01703   0.00000
    27.86330     5.28831  -0.00000    2   18   0.604048E-02-0.364888E-04   0.604063E-02 0.910119E-16   0.00604
    -0.00004     0.00604  -0.00000
    27.86330     5.28831  -0.00000    2   19   0.182610E-02-0.333466E-05   0.182611E-02-0.655382E-16   0.00183
    -0.00000     0.00183  -0.00000
    27.86330     5.28831  -0.00000    2   20   0.477502E-03-0.228008E-06   0.477502E-03-0.423567E-16   0.00048
    -0.00000     0.00048  -0.00000
    27.86330     5.28831  -0.00000    3    0   0.486312E+00-0.383809E+00   0.668135E+00-0.150128E-16   0.00048
    -0.00000     0.00048  -0.00000
    27.86330     5.28831  -0.00000    3    1  -0.399778E+00-0.800296E+00   0.203407E+01-0.302962E-16  -0.41753
    -0.77508     2.06492  -0.00000
    27.86330     5.28831  -0.00000    3    2   0.271162E+00-0.799155E-01   0.286601E+00 0.160733E-15   0.27720
    -0.08387     0.29382  -0.00000
    27.86330     5.28831  -0.00000    3    3  -0.432479E+00-0.750922E+00   0.209333E+01-0.291072E-17  -0.43343
    -0.74928     2.09522  -0.00000
    27.86330     5.28831  -0.00000    3    4   0.244169E+00-0.936327E+00   0.131570E+01-0.317705E-16   0.24358
    -0.93666     1.31638  -0.00000
    27.86330     5.28831  -0.00000    3    5   0.487555E+00-0.610863E+00   0.897190E+00 0.759393E-16   0.48748
    -0.61117     0.89750  -0.00000
    27.86330     5.28831  -0.00000    3    6   0.479409E+00-0.357989E+00   0.641405E+00-0.628065E-16   0.47946
    -0.35815     0.64157  -0.00000
    27.86330     5.28831  -0.00000    3    7   0.417100E+00-0.224269E+00   0.493341E+00 0.535966E-16   0.41716
    -0.22436     0.49345   0.00000
    27.86330     5.28831  -0.00000    3    8   0.343688E+00-0.136849E+00   0.378935E+00-0.654257E-16   0.34374
    -0.13690     0.37900  -0.00000
    27.86330     5.28831  -0.00000    3    9   0.287327E+00-0.908016E-01   0.306090E+00 0.781267E-16   0.28737
    -0.09083     0.30614   0.00000
    27.86330     5.28831  -0.00000    3   10   0.243841E+00-0.634895E-01   0.254717E+00 0.185386E-16   0.24387
    -0.06351     0.25475  -0.00000
    27.86330     5.28831  -0.00000    3   11   0.194341E+00-0.393142E-01   0.199601E+00-0.886198E-17   0.19437
    -0.03932     0.19963   0.00000
    27.86330     5.28831  -0.00000    3   12   0.159550E+00-0.261394E-01   0.162390E+00 0.738733E-17   0.15957
    -0.02615     0.16241  -0.00000
    27.86330     5.28831  -0.00000    3   13   0.140528E+00-0.201543E-01   0.142447E+00-0.916451E-16   0.14054
    -0.02016     0.14246   0.00000
    27.86330     5.28831  -0.00000    3   14   0.114321E+00-0.132448E-01   0.115342E+00-0.395049E-16   0.11433
    -0.01325     0.11535   0.00000
    27.86330     5.28831  -0.00000    3   15   0.759360E-01-0.579991E-02   0.762310E-01-0.839202E-16   0.07594
    -0.00580     0.07624   0.00000
    27.86330     5.28831  -0.00000    3   16   0.399696E-01-0.160013E-02   0.400123E-01 0.302315E-16   0.03997
    -0.00160     0.04002  -0.00000
    27.86330     5.28831  -0.00000    3   17   0.170233E-01-0.289878E-03   0.170266E-01-0.584614E-16   0.01703
    -0.00029     0.01703   0.00000
    27.86330     5.28831  -0.00000    3   18   0.604154E-02-0.365016E-04   0.604169E-02 0.176388E-15   0.00604
    -0.00004     0.00604  -0.00000
    27.86330     5.28831  -0.00000    3   19   0.182644E-02-0.333589E-05   0.182644E-02 0.462701E-16   0.00183
    -0.00000     0.00183  -0.00000
    27.86330     5.28831  -0.00000    3   20   0.477594E-03-0.228096E-06   0.477594E-03 0.350582E-16   0.00048
    -0.00000     0.00048  -0.00000
    27.86330     5.28831  -0.00000    4    0   0.486311E+00-0.383804E+00   0.668130E+00 0.701666E-16   0.00048
    -0.00000     0.00048  -0.00000
    27.86330     5.28831  -0.00000    4    1  -0.399775E+00-0.800300E+00   0.203407E+01 0.436122E-17  -0.41753
    -0.77508     2.06491   0.00000
    27.86330     5.28831  -0.00000    4    2   0.271158E+00-0.799125E-01   0.286595E+00 0.469226E-16   0.27719
    -0.08387     0.29381  -0.00000
    27.86330     5.28831  -0.00000    4    3  -0.432476E+00-0.750927E+00   0.209332E+01-0.510526E-17  -0.43342
    -0.74929     2.09522   0.00000
    27.86330     5.28831  -0.00000    4    4   0.244174E+00-0.936324E+00   0.131570E+01 0.127044E-17   0.24358
    -0.93665     1.31638  -0.00000
    27.86330     5.28831  -0.00000    4    5   0.487556E+00-0.610857E+00   0.897184E+00-0.184886E-16   0.48749
    -0.61116     0.89750  -0.00000
    27.86330     5.28831  -0.00000    4    6   0.479407E+00-0.357983E+00   0.641399E+00 0.486689E-16   0.47946
    -0.35815     0.64157   0.00000
    27.86330     5.28831  -0.00000    4    7   0.417097E+00-0.224265E+00   0.493335E+00 0.767229E-16   0.41716
    -0.22435     0.49344   0.00000
    27.86330     5.28831  -0.00000    4    8   0.343684E+00-0.136845E+00   0.378930E+00 0.132911E-16   0.34373
    -0.13689     0.37900   0.00000
    27.86330     5.28831  -0.00000    4    9   0.287323E+00-0.907988E-01   0.306086E+00 0.119076E-15   0.28736
    -0.09083     0.30613  -0.00000
    27.86330     5.28831  -0.00000    4   10   0.243837E+00-0.634871E-01   0.254712E+00-0.429192E-17   0.24387
    -0.06350     0.25475  -0.00000
    27.86330     5.28831  -0.00000    4   11   0.194337E+00-0.393125E-01   0.199596E+00 0.457464E-16   0.19436
    -0.03932     0.19962  -0.00000
    27.86330     5.28831  -0.00000    4   12   0.159546E+00-0.261382E-01   0.162386E+00 0.114392E-17   0.15956
    -0.02614     0.16241   0.00000
    27.86330     5.28831  -0.00000    4   13   0.140524E+00-0.201532E-01   0.142443E+00-0.480051E-16   0.14054
    -0.02016     0.14246  -0.00000
    27.86330     5.28831  -0.00000    4   14   0.114318E+00-0.132439E-01   0.115338E+00 0.465559E-16   0.11433
    -0.01325     0.11535  -0.00000
    27.86330     5.28831  -0.00000    4   15   0.759333E-01-0.579950E-02   0.762282E-01-0.524588E-16   0.07594
    -0.00580     0.07624   0.00000
    27.86330     5.28831  -0.00000    4   16   0.399681E-01-0.160001E-02   0.400108E-01-0.221823E-16   0.03997
    -0.00160     0.04002   0.00000
    27.86330     5.28831  -0.00000    4   17   0.170227E-01-0.289856E-03   0.170260E-01 0.769619E-16   0.01702
    -0.00029     0.01703   0.00000
    27.86330     5.28831  -0.00000    4   18   0.604131E-02-0.364988E-04   0.604146E-02 0.150562E-16   0.00604
    -0.00004     0.00604  -0.00000
    27.86330     5.28831  -0.00000    4   19   0.182637E-02-0.333564E-05   0.182637E-02-0.368528E-16   0.00183
    -0.00000     0.00183   0.00000
    27.86330     5.28831  -0.00000    4   20   0.477576E-03-0.228079E-06   0.477576E-03-0.694369E-16   0.00048
    -0.00000     0.00048   0.00000
    27.86330     5.28831  -0.00000    5    0   0.486312E+00-0.383809E+00   0.668135E+00-0.138267E-16   0.00048
    -0.00000     0.00048   0.00000
    27.86330     5.28831  -0.00000    5    1  -0.399778E+00-0.800295E+00   0.203407E+01 0.372652E-16  -0.41753
    -0.77508     2.06492  -0.00000
    27.86330     5.28831  -0.00000    5    2   0.271163E+00-0.799157E-01   0.286601E+00-0.172376E-16   0.27720
    -0.08387     0.29382   0.00000
    27.86330     5.28831  -0.00000    5    3  -0.432479E+00-0.750922E+00   0.209333E+01-0.235967E-16  -0.43343
    -0.74928     2.09523  -0.00000
    27.86330     5.28831  -0.00000    5    4   0.244169E+00-0.936327E+00   0.131570E+01 0.738799E-16   0.24358
    -0.93666     1.31638   0.00000
    27.86330     5.28831  -0.00000    5    5   0.487554E+00-0.610863E+00   0.897191E+00 0.742858E-17   0.48748
    -0.61117     0.89750  -0.00000
    27.86330     5.28831  -0.00000    5    6   0.479409E+00-0.357989E+00   0.641405E+00-0.690495E-16   0.47946
    -0.35815     0.64158   0.00000
    27.86330     5.28831  -0.00000    5    7   0.417100E+00-0.224270E+00   0.493341E+00 0.111081E-15   0.41716
    -0.22436     0.49345  -0.00000
    27.86330     5.28831  -0.00000    5    8   0.343688E+00-0.136849E+00   0.378935E+00 0.452571E-16   0.34374
    -0.13690     0.37900   0.00000
    27.86330     5.28831  -0.00000    5    9   0.287327E+00-0.908018E-01   0.306091E+00-0.167547E-16   0.28737
    -0.09083     0.30614  -0.00000
    27.86330     5.28831  -0.00000    5   10   0.243842E+00-0.634896E-01   0.254717E+00-0.536187E-16   0.24387
    -0.06351     0.25475  -0.00000
    27.86330     5.28831  -0.00000    5   11   0.194342E+00-0.393143E-01   0.199601E+00-0.160708E-16   0.19437
    -0.03932     0.19963   0.00000
    27.86330     5.28831  -0.00000    5   12   0.159550E+00-0.261395E-01   0.162390E+00-0.481474E-16   0.15957
    -0.02615     0.16241   0.00000
    27.86330     5.28831  -0.00000    5   13   0.140528E+00-0.201544E-01   0.142447E+00-0.297393E-16   0.14054
    -0.02016     0.14246   0.00000
    27.86330     5.28831  -0.00000    5   14   0.114322E+00-0.132449E-01   0.115342E+00 0.835301E-16   0.11433
    -0.01325     0.11535  -0.00000
    27.86330     5.28831  -0.00000    5   15   0.759361E-01-0.579994E-02   0.762311E-01-0.121302E-16   0.07594
    -0.00580     0.07624   0.00000
    27.86330     5.28831  -0.00000    5   16   0.399697E-01-0.160014E-02   0.400124E-01-0.623165E-16   0.03997
    -0.00160     0.04002   0.00000
    27.86330     5.28831  -0.00000    5   17   0.170234E-01-0.289879E-03   0.170267E-01-0.250068E-16   0.01703
    -0.00029     0.01703  -0.00000
    27.86330     5.28831  -0.00000    5   18   0.604156E-02-0.365018E-04   0.604171E-02 0.589964E-16   0.00604
    -0.00004     0.00604  -0.00000
    27.86330     5.28831  -0.00000    5   19   0.182644E-02-0.333591E-05   0.182645E-02 0.197655E-17   0.00183
    -0.00000     0.00183   0.00000
    27.86330     5.28831  -0.00000    5   20   0.477595E-03-0.228097E-06   0.477596E-03-0.599919E-16   0.00048
    -0.00000     0.00048  -0.00000
    27.86330     5.28831  -0.00000    6    0   0.486317E+00-0.383828E+00   0.668154E+00 0.226246E-16   0.00048
    -0.00000     0.00048  -0.00000
    27.86330     5.28831  -0.00000    6    1  -0.399790E+00-0.800280E+00   0.203409E+01-0.684785E-16  -0.41754
    -0.77506     2.06494  -0.00000
    27.86330     5.28831  -0.00000    6    2   0.271180E+00-0.799270E-01   0.286622E+00-0.547645E-16   0.27722
    -0.08388     0.29384  -0.00000
    27.86330     5.28831  -0.00000    6    3  -0.432490E+00-0.750903E+00   0.209335E+01-0.422649E-16  -0.43344
    -0.74926     2.09525   0.00000
    27.86330     5.28831  -0.00000    6    4   0.244151E+00-0.936338E+00   0.131573E+01 0.314729E-16   0.24356
    -0.93667     1.31640   0.00000
    27.86330     5.28831  -0.00000    6    5   0.487550E+00-0.610885E+00   0.897213E+00-0.779021E-16   0.48748
    -0.61119     0.89753   0.00000
    27.86330     5.28831  -0.00000    6    6   0.479414E+00-0.358008E+00   0.641425E+00-0.875964E-16   0.47946
    -0.35817     0.64160   0.00000
    27.86330     5.28831  -0.00000    6    7   0.417112E+00-0.224287E+00   0.493362E+00-0.108493E-15   0.41717
    -0.22437     0.49347  -0.00000
    27.86330     5.28831  -0.00000    6    8   0.343702E+00-0.136862E+00   0.378954E+00-0.106440E-15   0.34375
    -0.13691     0.37902  -0.00000
    27.86330     5.28831  -0.00000    6    9   0.287342E+00-0.908122E-01   0.306109E+00 0.352343E-16   0.28738
    -0.09084     0.30616   0.00000
    27.86330     5.28831  -0.00000    6   10   0.243858E+00-0.634987E-01   0.254736E+00 0.965036E-16   0.24389
    -0.06352     0.25477  -0.00000
    27.86330     5.28831  -0.00000    6   11   0.194356E+00-0.393206E-01   0.199617E+00 0.264036E-16   0.19438
    -0.03933     0.19964   0.00000
    27.86330     5.28831  -0.00000    6   12   0.159564E+00-0.261441E-01   0.162404E+00 0.327473E-16   0.15958
    -0.02615     0.16242  -0.00000
    27.86330     5.28831  -0.00000    6   13   0.140542E+00-0.201586E-01   0.142462E+00-0.136804E-16   0.14056
    -0.02016     0.14248   0.00000
    27.86330     5.28831  -0.00000    6   14   0.114335E+00-0.132481E-01   0.115356E+00 0.381903E-17   0.11435
    -0.01325     0.11537  -0.00000
    27.86330     5.28831  -0.00000    6   15   0.759462E-01-0.580148E-02   0.762413E-01-0.573849E-16   0.07595
    -0.00580     0.07625   0.00000
    27.86330     5.28831  -0.00000    6   16   0.399753E-01-0.160058E-02   0.400180E-01-0.114902E-15   0.03998
    -0.00160     0.04002   0.00000
    27.86330     5.28831  -0.00000    6   17   0.170258E-01-0.289961E-03   0.170291E-01 0.168353E-16   0.01703
    -0.00029     0.01703   0.00000
    27.86330     5.28831  -0.00000    6   18   0.604242E-02-0.365121E-04   0.604256E-02 0.325917E-16   0.00604
    -0.00004     0.00604   0.00000
    27.86330     5.28831  -0.00000    6   19   0.182670E-02-0.333686E-05   0.182671E-02-0.521216E-16   0.00183
    -0.00000     0.00183  -0.00000
    27.86330     5.28831  -0.00000    6   20   0.477664E-03-0.228163E-06   0.477664E-03-0.489062E-16   0.00048
    -0.00000     0.00048   0.00000
    27.86330     5.28831  -0.00000    7    0   0.486050E+00-0.382718E+00   0.667013E+00-0.599770E-16   0.00048
    -0.00000     0.00048   0.00000
    27.86330     5.28831  -0.00000    7    1  -0.399088E+00-0.801212E+00   0.203293E+01 0.676244E-16  -0.41690
    -0.77603     2.06377   0.00000
    27.86330     5.28831  -0.00000    7    2   0.270184E+00-0.792853E-01   0.285437E+00 0.580123E-16   0.27623
    -0.08323     0.29265  -0.00000
    27.86330     5.28831  -0.00000    7    3  -0.431910E+00-0.751901E+00   0.209220E+01 0.155982E-15  -0.43286
    -0.75026     2.09409  -0.00000
    27.86330     5.28831  -0.00000    7    4   0.245005E+00-0.935859E+00   0.131475E+01 0.165846E-16   0.24441
    -0.93619     1.31542  -0.00000
    27.86330     5.28831  -0.00000    7    5   0.487828E+00-0.609655E+00   0.895952E+00 0.675208E-17   0.48776
    -0.60996     0.89627   0.00000
    27.86330     5.28831  -0.00000    7    6   0.479138E+00-0.357079E+00   0.640456E+00-0.630927E-16   0.47919
    -0.35724     0.64063  -0.00000
    27.86330     5.28831  -0.00000    7    7   0.416390E+00-0.223198E+00   0.492055E+00 0.444226E-17   0.41645
    -0.22328     0.49216  -0.00000
    27.86330     5.28831  -0.00000    7    8   0.342873E+00-0.136079E+00   0.377814E+00 0.861343E-16   0.34292
    -0.13613     0.37788   0.00000
    27.86330     5.28831  -0.00000    7    9   0.286267E+00-0.900592E-01   0.304796E+00-0.713324E-16   0.28631
    -0.09009     0.30484   0.00000
    27.86330     5.28831  -0.00000    7   10   0.242345E+00-0.626572E-01   0.253005E+00 0.168892E-15   0.24238
    -0.06267     0.25304  -0.00000
    27.86330     5.28831  -0.00000    7   11   0.192960E+00-0.387339E-01   0.198102E+00 0.911295E-16   0.19298
    -0.03874     0.19813  -0.00000
    27.86330     5.28831  -0.00000    7   12   0.158190E+00-0.256836E-01   0.160955E+00-0.497464E-16   0.15821
    -0.02569     0.16098  -0.00000
    27.86330     5.28831  -0.00000    7   13   0.138723E+00-0.196295E-01   0.140568E+00-0.584277E-16   0.13874
    -0.01963     0.14058   0.00000
    27.86330     5.28831  -0.00000    7   14   0.112272E+00-0.127680E-01   0.113238E+00 0.144815E-16   0.11228
    -0.01277     0.11325   0.00000
    27.86330     5.28831  -0.00000    7   15   0.742684E-01-0.554655E-02   0.745442E-01 0.421395E-16   0.07428
    -0.00555     0.07455  -0.00000
    27.86330     5.28831  -0.00000    7   16   0.389902E-01-0.152256E-02   0.390299E-01-0.239948E-16   0.03899
    -0.00152     0.03903   0.00000
    27.86330     5.28831  -0.00000    7   17   0.165815E-01-0.275022E-03   0.165845E-01 0.189341E-15   0.01658
    -0.00028     0.01659   0.00000
    27.86330     5.28831  -0.00000    7   18   0.587927E-02-0.345670E-04   0.587941E-02-0.798611E-16   0.00588
    -0.00003     0.00588   0.00000
    27.86330     5.28831  -0.00000    7   19   0.177617E-02-0.315478E-05   0.177617E-02-0.309147E-16   0.00178
    -0.00000     0.00178   0.00000
    27.86330     5.28831  -0.00000    7   20   0.464189E-03-0.215471E-06   0.464189E-03-0.705648E-16   0.00046
    -0.00000     0.00046   0.00000
