        7        1        1        0        2
       20       20       20       20
       20       20       20        0
--------------------  ATOM   1  --->  Z = 
      9.9935   -0.0000      0.492313E+00     -0.412663E+00      0.464249E-03      0.691733-309
      0.6976   -0.0000     -0.149000-305      0.000000E+00
      9.9935   -0.0000     -0.421516E+00     -0.768932E+00     -0.437318E+00     -0.742389E+00
      2.0722    0.0000      0.210314E+01      0.811665E-16
      9.9935   -0.0000      0.306625E+00     -0.105056E+00      0.312490E+00     -0.109680E+00
      0.3301    0.0000      0.337553E+00     -0.103843E-15
      9.9935   -0.0000     -0.437036E+00     -0.742898E+00     -0.438008E+00     -0.741141E+00
      2.1026   -0.0000      0.210457E+01     -0.132514E-15
      9.9935   -0.0000      0.258177E+00     -0.928187E+00      0.257583E+00     -0.928545E+00
      1.2995    0.0000      0.130020E+01      0.744487E-16
      9.9935   -0.0000      0.491506E+00     -0.591771E+00      0.491448E+00     -0.592079E+00
      0.8777   -0.0000      0.878006E+00     -0.443015E-16
      9.9935   -0.0000      0.474600E+00     -0.342663E+00      0.474652E+00     -0.342822E+00
      0.6253    0.0000      0.625509E+00      0.110915E-15
      9.9935   -0.0000      0.409583E+00     -0.213221E+00      0.409641E+00     -0.213305E+00
      0.4800   -0.0000      0.480080E+00      0.118742E-15
      9.9935   -0.0000      0.335929E+00     -0.129660E+00      0.335979E+00     -0.129706E+00
      0.3684   -0.0000      0.368425E+00      0.141005E-16
      9.9935   -0.0000      0.280267E+00     -0.859340E-01      0.280305E+00     -0.859602E-01
      0.2975    0.0000      0.297561E+00      0.530538E-16
      9.9935   -0.0000      0.237303E+00     -0.599006E-01      0.237333E+00     -0.599171E-01
      0.2473   -0.0000      0.247292E+00     -0.358448E-16
      9.9935   -0.0000      0.188986E+00     -0.370913E-01      0.189009E+00     -0.371011E-01
      0.1938    0.0000      0.193828E+00      0.485383E-17
      9.9935   -0.0000      0.155166E+00     -0.246859E-01      0.155185E+00     -0.246919E-01
      0.1578   -0.0000      0.157791E+00      0.143439E-16
      9.9935   -0.0000      0.136323E+00     -0.189427E-01      0.136338E+00     -0.189470E-01
      0.1381    0.0000      0.138087E+00     -0.120219E-15
      9.9935   -0.0000      0.110445E+00     -0.123507E-01      0.110458E+00     -0.123535E-01
      0.1114   -0.0000      0.111376E+00      0.640740E-16
      9.9935   -0.0000      0.731040E-01     -0.537307E-02      0.731122E-01     -0.537428E-02
      0.0734   -0.0000      0.733753E-01     -0.766156E-16
      9.9935   -0.0000      0.384015E-01     -0.147685E-02      0.384059E-01     -0.147720E-02
      0.0384   -0.0000      0.384438E-01      0.204982E-16
      9.9935   -0.0000      0.163405E-01     -0.267083E-03      0.163424E-01     -0.267146E-03
      0.0163    0.0000      0.163453E-01     -0.125612E-16
      9.9935   -0.0000      0.579654E-02     -0.336010E-04      0.579724E-02     -0.336091E-04
      0.0058   -0.0000      0.579737E-02     -0.103614E-15
      9.9935   -0.0000      0.175177E-02     -0.306872E-05      0.175199E-02     -0.306949E-05
      0.0018   -0.0000      0.175200E-02      0.724150E-16
      9.9935   -0.0000      0.457927E-03     -0.209697E-06      0.457986E-03     -0.209751E-06
      0.0005   -0.0000      0.457986E-03     -0.210425E-16
--------------------  ATOM   2  --->  Z = 
      9.9935   -0.0000      0.486314E+00     -0.383818E+00      0.457986E-03     -0.209751E-06
      0.6681    0.0000      0.457986E-03     -0.210425E-16
      9.9935   -0.0000     -0.399784E+00     -0.800288E+00     -0.417536E+00     -0.775071E+00
      2.0341    0.0000      0.206493E+01     -0.800780E-18
      9.9935   -0.0000      0.271172E+00     -0.799215E-01      0.277207E+00     -0.838792E-01
      0.2866    0.0000      0.293829E+00     -0.374652E-16
      9.9935   -0.0000     -0.432485E+00     -0.750911E+00     -0.433433E+00     -0.749270E+00
      2.0933    0.0000      0.209524E+01     -0.813972E-16
      9.9935   -0.0000      0.244158E+00     -0.936334E+00      0.243567E+00     -0.936664E+00
      1.3157   -0.0000      0.131639E+01     -0.417819E-17
      9.9935   -0.0000      0.487552E+00     -0.610874E+00      0.487482E+00     -0.611181E+00
      0.8972   -0.0000      0.897516E+00      0.868050E-17
      9.9935   -0.0000      0.479412E+00     -0.358000E+00      0.479460E+00     -0.358163E+00
      0.6414   -0.0000      0.641587E+00      0.592696E-16
      9.9935   -0.0000      0.417106E+00     -0.224278E+00      0.417164E+00     -0.224365E+00
      0.4934   -0.0000      0.493456E+00      0.201839E-16
      9.9935   -0.0000      0.343694E+00     -0.136855E+00      0.343745E+00     -0.136903E+00
      0.3789    0.0000      0.379014E+00     -0.300158E-16
      9.9935   -0.0000      0.287333E+00     -0.908059E-01      0.287372E+00     -0.908335E-01
      0.3061   -0.0000      0.306146E+00     -0.204248E-16
      9.9935   -0.0000      0.243846E+00     -0.634919E-01      0.243877E+00     -0.635094E-01
      0.2547   -0.0000      0.254757E+00     -0.191948E-15
      9.9935   -0.0000      0.194346E+00     -0.393162E-01      0.194371E+00     -0.393265E-01
      0.1996   -0.0000      0.199632E+00      0.329963E-16
      9.9935   -0.0000      0.159553E+00     -0.261404E-01      0.159571E+00     -0.261467E-01
      0.1624   -0.0000      0.162412E+00     -0.745034E-16
      9.9935   -0.0000      0.140525E+00     -0.201533E-01      0.140540E+00     -0.201578E-01
      0.1424   -0.0000      0.142459E+00      0.126603E-15
      9.9935   -0.0000      0.114313E+00     -0.132428E-01      0.114325E+00     -0.132457E-01
      0.1153   -0.0000      0.115345E+00     -0.552730E-16
      9.9935   -0.0000      0.759272E-01     -0.579857E-02      0.759354E-01     -0.579983E-02
      0.0762    0.0000      0.762304E-01     -0.197850E-16
      9.9935   -0.0000      0.399639E-01     -0.159967E-02      0.399683E-01     -0.160002E-02
      0.0400    0.0000      0.400110E-01     -0.699413E-16
      9.9935   -0.0000      0.170206E-01     -0.289784E-03      0.170225E-01     -0.289849E-03
      0.0170    0.0000      0.170258E-01      0.667018E-16
      9.9935   -0.0000      0.604048E-02     -0.364888E-04      0.604117E-02     -0.364971E-04
      0.0060    0.0000      0.604132E-02     -0.102415E-15
      9.9935   -0.0000      0.182610E-02     -0.333466E-05      0.182632E-02     -0.333544E-05
      0.0018   -0.0000      0.182632E-02     -0.520386E-16
      9.9935   -0.0000      0.477502E-03     -0.228008E-06      0.477560E-03     -0.228063E-06
      0.0005   -0.0000      0.477560E-03     -0.133264E-16
--------------------  ATOM   3  --->  Z = 
      9.9935   -0.0000      0.486312E+00     -0.383809E+00      0.477560E-03     -0.228063E-06
      0.6681   -0.0000      0.477560E-03     -0.133264E-16
      9.9935   -0.0000     -0.399778E+00     -0.800296E+00     -0.417530E+00     -0.775079E+00
      2.0341   -0.0000      0.206492E+01     -0.335248E-16
      9.9935   -0.0000      0.271162E+00     -0.799155E-01      0.277198E+00     -0.838732E-01
      0.2866    0.0000      0.293818E+00     -0.596421E-16
      9.9935   -0.0000     -0.432479E+00     -0.750922E+00     -0.433427E+00     -0.749281E+00
      2.0933   -0.0000      0.209522E+01     -0.527413E-16
      9.9935   -0.0000      0.244169E+00     -0.936327E+00      0.243578E+00     -0.936657E+00
      1.3157   -0.0000      0.131638E+01     -0.315634E-16
      9.9935   -0.0000      0.487555E+00     -0.610863E+00      0.487485E+00     -0.611169E+00
      0.8972    0.0000      0.897504E+00     -0.119934E-15
      9.9935   -0.0000      0.479409E+00     -0.357989E+00      0.479457E+00     -0.358152E+00
      0.6414   -0.0000      0.641575E+00     -0.174912E-16
      9.9935   -0.0000      0.417100E+00     -0.224269E+00      0.417158E+00     -0.224357E+00
      0.4933    0.0000      0.493446E+00      0.444876E-16
      9.9935   -0.0000      0.343688E+00     -0.136849E+00      0.343739E+00     -0.136897E+00
      0.3789   -0.0000      0.379005E+00     -0.592133E-16
      9.9935   -0.0000      0.287327E+00     -0.908016E-01      0.287366E+00     -0.908292E-01
      0.3061    0.0000      0.306138E+00      0.979768E-16
      9.9935   -0.0000      0.243841E+00     -0.634895E-01      0.243873E+00     -0.635070E-01
      0.2547    0.0000      0.254752E+00     -0.886298E-16
      9.9935   -0.0000      0.194341E+00     -0.393142E-01      0.194366E+00     -0.393245E-01
      0.1996   -0.0000      0.199627E+00      0.339701E-16
      9.9935   -0.0000      0.159550E+00     -0.261394E-01      0.159569E+00     -0.261457E-01
      0.1624    0.0000      0.162410E+00     -0.181490E-16
      9.9935   -0.0000      0.140528E+00     -0.201543E-01      0.140543E+00     -0.201587E-01
      0.1424   -0.0000      0.142463E+00      0.474991E-16
      9.9935   -0.0000      0.114321E+00     -0.132448E-01      0.114334E+00     -0.132477E-01
      0.1153   -0.0000      0.115354E+00      0.630305E-17
      9.9935   -0.0000      0.759360E-01     -0.579991E-02      0.759442E-01     -0.580117E-02
      0.0762   -0.0000      0.762393E-01      0.297758E-16
      9.9935   -0.0000      0.399696E-01     -0.160013E-02      0.399740E-01     -0.160048E-02
      0.0400    0.0000      0.400167E-01     -0.308842E-16
      9.9935   -0.0000      0.170233E-01     -0.289878E-03      0.170252E-01     -0.289943E-03
      0.0170   -0.0000      0.170285E-01      0.247568E-16
      9.9935   -0.0000      0.604154E-02     -0.365016E-04      0.604223E-02     -0.365099E-04
      0.0060    0.0000      0.604238E-02     -0.341129E-16
      9.9935   -0.0000      0.182644E-02     -0.333589E-05      0.182665E-02     -0.333668E-05
      0.0018    0.0000      0.182666E-02     -0.431271E-16
      9.9935   -0.0000      0.477594E-03     -0.228096E-06      0.477652E-03     -0.228151E-06
      0.0005    0.0000      0.477652E-03     -0.960309E-16
--------------------  ATOM   4  --->  Z = 
      9.9935   -0.0000      0.486311E+00     -0.383804E+00      0.477652E-03     -0.228151E-06
      0.6681    0.0000      0.477652E-03     -0.960309E-16
      9.9935   -0.0000     -0.399775E+00     -0.800300E+00     -0.417527E+00     -0.775083E+00
      2.0341    0.0000      0.206491E+01      0.964706E-16
      9.9935   -0.0000      0.271158E+00     -0.799125E-01      0.277193E+00     -0.838701E-01
      0.2866    0.0000      0.293812E+00     -0.152859E-16
      9.9935   -0.0000     -0.432476E+00     -0.750927E+00     -0.433424E+00     -0.749286E+00
      2.0933   -0.0000      0.209522E+01      0.460391E-16
      9.9935   -0.0000      0.244174E+00     -0.936324E+00      0.243583E+00     -0.936655E+00
      1.3157    0.0000      0.131638E+01     -0.181476E-17
      9.9935   -0.0000      0.487556E+00     -0.610857E+00      0.487486E+00     -0.611164E+00
      0.8972   -0.0000      0.897499E+00     -0.949575E-16
      9.9935   -0.0000      0.479407E+00     -0.357983E+00      0.479456E+00     -0.358147E+00
      0.6414    0.0000      0.641570E+00      0.356295E-17
      9.9935   -0.0000      0.417097E+00     -0.224265E+00      0.417155E+00     -0.224353E+00
      0.4933    0.0000      0.493441E+00      0.133990E-15
      9.9935   -0.0000      0.343684E+00     -0.136845E+00      0.343735E+00     -0.136894E+00
      0.3789    0.0000      0.379000E+00      0.368327E-16
      9.9935   -0.0000      0.287323E+00     -0.907988E-01      0.287362E+00     -0.908265E-01
      0.3061    0.0000      0.306134E+00     -0.135939E-15
      9.9935   -0.0000      0.243837E+00     -0.634871E-01      0.243868E+00     -0.635045E-01
      0.2547   -0.0000      0.254748E+00     -0.126090E-15
      9.9935   -0.0000      0.194337E+00     -0.393125E-01      0.194362E+00     -0.393228E-01
      0.1996    0.0000      0.199623E+00     -0.693382E-16
      9.9935   -0.0000      0.159546E+00     -0.261382E-01      0.159565E+00     -0.261445E-01
      0.1624    0.0000      0.162406E+00      0.116508E-16
      9.9935   -0.0000      0.140524E+00     -0.201532E-01      0.140539E+00     -0.201576E-01
      0.1424   -0.0000      0.142459E+00     -0.104830E-16
      9.9935   -0.0000      0.114318E+00     -0.132439E-01      0.114330E+00     -0.132468E-01
      0.1153    0.0000      0.115350E+00     -0.676847E-16
      9.9935   -0.0000      0.759333E-01     -0.579950E-02      0.759415E-01     -0.580076E-02
      0.0762   -0.0000      0.762365E-01      0.216266E-16
      9.9935   -0.0000      0.399681E-01     -0.160001E-02      0.399725E-01     -0.160037E-02
      0.0400   -0.0000      0.400152E-01      0.677083E-17
      9.9935   -0.0000      0.170227E-01     -0.289856E-03      0.170246E-01     -0.289921E-03
      0.0170    0.0000      0.170279E-01      0.392856E-16
      9.9935   -0.0000      0.604131E-02     -0.364988E-04      0.604200E-02     -0.365071E-04
      0.0060    0.0000      0.604215E-02     -0.150626E-16
      9.9935   -0.0000      0.182637E-02     -0.333564E-05      0.182658E-02     -0.333642E-05
      0.0018   -0.0000      0.182659E-02      0.188621E-16
      9.9935   -0.0000      0.477576E-03     -0.228079E-06      0.477634E-03     -0.228134E-06
      0.0005   -0.0000      0.477634E-03      0.297563E-16
--------------------  ATOM   5  --->  Z = 
      9.9935   -0.0000      0.486312E+00     -0.383809E+00      0.477634E-03     -0.228134E-06
      0.6681   -0.0000      0.477634E-03      0.297563E-16
      9.9935   -0.0000     -0.399778E+00     -0.800295E+00     -0.417530E+00     -0.775079E+00
      2.0341    0.0000      0.206492E+01     -0.136074E-16
      9.9935   -0.0000      0.271163E+00     -0.799157E-01      0.277198E+00     -0.838734E-01
      0.2866   -0.0000      0.293818E+00      0.890777E-16
      9.9935   -0.0000     -0.432479E+00     -0.750922E+00     -0.433427E+00     -0.749281E+00
      2.0933   -0.0000      0.209523E+01     -0.544370E-17
      9.9935   -0.0000      0.244169E+00     -0.936327E+00      0.243578E+00     -0.936657E+00
      1.3157    0.0000      0.131638E+01      0.295672E-16
      9.9935   -0.0000      0.487554E+00     -0.610863E+00      0.487485E+00     -0.611170E+00
      0.8972    0.0000      0.897505E+00     -0.805627E-16
      9.9935   -0.0000      0.479409E+00     -0.357989E+00      0.479457E+00     -0.358152E+00
      0.6414   -0.0000      0.641575E+00      0.252018E-16
      9.9935   -0.0000      0.417100E+00     -0.224270E+00      0.417159E+00     -0.224358E+00
      0.4933    0.0000      0.493446E+00     -0.388458E-16
      9.9935   -0.0000      0.343688E+00     -0.136849E+00      0.343739E+00     -0.136897E+00
      0.3789    0.0000      0.379005E+00      0.600593E-16
      9.9935   -0.0000      0.287327E+00     -0.908018E-01      0.287366E+00     -0.908294E-01
      0.3061   -0.0000      0.306139E+00     -0.698583E-16
      9.9935   -0.0000      0.243842E+00     -0.634896E-01      0.243873E+00     -0.635071E-01
      0.2547   -0.0000      0.254753E+00     -0.154656E-15
      9.9935   -0.0000      0.194342E+00     -0.393143E-01      0.194366E+00     -0.393246E-01
      0.1996   -0.0000      0.199628E+00      0.142810E-15
      9.9935   -0.0000      0.159550E+00     -0.261395E-01      0.159569E+00     -0.261458E-01
      0.1624   -0.0000      0.162410E+00      0.274072E-16
      9.9935   -0.0000      0.140528E+00     -0.201544E-01      0.140543E+00     -0.201588E-01
      0.1424   -0.0000      0.142463E+00      0.781066E-16
      9.9935   -0.0000      0.114322E+00     -0.132449E-01      0.114334E+00     -0.132477E-01
      0.1153    0.0000      0.115354E+00     -0.784359E-16
      9.9935   -0.0000      0.759361E-01     -0.579994E-02      0.759443E-01     -0.580120E-02
      0.0762   -0.0000      0.762394E-01      0.864779E-16
      9.9935   -0.0000      0.399697E-01     -0.160014E-02      0.399741E-01     -0.160049E-02
      0.0400   -0.0000      0.400168E-01      0.507532E-16
      9.9935   -0.0000      0.170234E-01     -0.289879E-03      0.170253E-01     -0.289944E-03
      0.0170   -0.0000      0.170286E-01     -0.418472E-16
      9.9935   -0.0000      0.604156E-02     -0.365018E-04      0.604225E-02     -0.365101E-04
      0.0060    0.0000      0.604240E-02     -0.116506E-15
      9.9935   -0.0000      0.182644E-02     -0.333591E-05      0.182666E-02     -0.333669E-05
      0.0018    0.0000      0.182666E-02      0.803879E-16
      9.9935   -0.0000      0.477595E-03     -0.228097E-06      0.477653E-03     -0.228153E-06
      0.0005   -0.0000      0.477653E-03     -0.592165E-17
--------------------  ATOM   6  --->  Z = 
      9.9935   -0.0000      0.486317E+00     -0.383828E+00      0.477653E-03     -0.228153E-06
      0.6682    0.0000      0.477653E-03     -0.592165E-17
      9.9935   -0.0000     -0.399790E+00     -0.800280E+00     -0.417541E+00     -0.775062E+00
      2.0341   -0.0000      0.206494E+01     -0.187129E-16
      9.9935   -0.0000      0.271180E+00     -0.799270E-01      0.277215E+00     -0.838849E-01
      0.2866   -0.0000      0.293839E+00     -0.198564E-16
      9.9935   -0.0000     -0.432490E+00     -0.750903E+00     -0.433438E+00     -0.749262E+00
      2.0934   -0.0000      0.209525E+01      0.154171E-16
      9.9935   -0.0000      0.244151E+00     -0.936338E+00      0.243560E+00     -0.936668E+00
      1.3157    0.0000      0.131640E+01      0.787385E-16
      9.9935   -0.0000      0.487550E+00     -0.610885E+00      0.487480E+00     -0.611191E+00
      0.8972   -0.0000      0.897527E+00      0.842037E-16
      9.9935   -0.0000      0.479414E+00     -0.358008E+00      0.479463E+00     -0.358171E+00
      0.6414   -0.0000      0.641595E+00      0.143699E-15
      9.9935   -0.0000      0.417112E+00     -0.224287E+00      0.417170E+00     -0.224375E+00
      0.4934   -0.0000      0.493467E+00     -0.117411E-15
      9.9935   -0.0000      0.343702E+00     -0.136862E+00      0.343753E+00     -0.136910E+00
      0.3790   -0.0000      0.379024E+00     -0.369082E-16
      9.9935   -0.0000      0.287342E+00     -0.908122E-01      0.287381E+00     -0.908399E-01
      0.3061    0.0000      0.306157E+00      0.674850E-16
      9.9935   -0.0000      0.243858E+00     -0.634987E-01      0.243889E+00     -0.635162E-01
      0.2547    0.0000      0.254771E+00     -0.387165E-16
      9.9935   -0.0000      0.194356E+00     -0.393206E-01      0.194381E+00     -0.393309E-01
      0.1996    0.0000      0.199644E+00      0.501467E-16
      9.9935   -0.0000      0.159564E+00     -0.261441E-01      0.159583E+00     -0.261505E-01
      0.1624    0.0000      0.162424E+00     -0.107777E-15
      9.9935   -0.0000      0.140542E+00     -0.201586E-01      0.140558E+00     -0.201630E-01
      0.1425   -0.0000      0.142478E+00      0.183276E-16
      9.9935   -0.0000      0.114335E+00     -0.132481E-01      0.114347E+00     -0.132509E-01
      0.1154    0.0000      0.115368E+00     -0.425479E-16
      9.9935   -0.0000      0.759462E-01     -0.580148E-02      0.759544E-01     -0.580274E-02
      0.0762   -0.0000      0.762496E-01      0.952578E-18
      9.9935   -0.0000      0.399753E-01     -0.160058E-02      0.399797E-01     -0.160094E-02
      0.0400   -0.0000      0.400224E-01      0.221545E-17
      9.9935   -0.0000      0.170258E-01     -0.289961E-03      0.170277E-01     -0.290026E-03
      0.0170    0.0000      0.170310E-01      0.929545E-17
      9.9935   -0.0000      0.604242E-02     -0.365121E-04      0.604311E-02     -0.365205E-04
      0.0060    0.0000      0.604325E-02      0.196407E-16
      9.9935   -0.0000      0.182670E-02     -0.333686E-05      0.182692E-02     -0.333764E-05
      0.0018   -0.0000      0.182692E-02     -0.124046E-16
      9.9935   -0.0000      0.477664E-03     -0.228163E-06      0.477722E-03     -0.228218E-06
      0.0005   -0.0000      0.477722E-03      0.591149E-16
--------------------  ATOM   7  --->  Z = 
      9.9935   -0.0000      0.486050E+00     -0.382718E+00      0.477722E-03     -0.228218E-06
      0.6670   -0.0000      0.477722E-03      0.591149E-16
      9.9935   -0.0000     -0.399088E+00     -0.801212E+00     -0.416900E+00     -0.776033E+00
      2.0329    0.0000      0.206377E+01      0.498143E-16
      9.9935   -0.0000      0.270184E+00     -0.792853E-01      0.276228E+00     -0.832291E-01
      0.2854    0.0000      0.292654E+00     -0.207428E-16
      9.9935   -0.0000     -0.431910E+00     -0.751901E+00     -0.432862E+00     -0.750261E+00
      2.0922    0.0000      0.209409E+01     -0.214198E-16
      9.9935   -0.0000      0.245005E+00     -0.935859E+00      0.244415E+00     -0.936190E+00
      1.3147    0.0000      0.131542E+01     -0.324719E-16
      9.9935   -0.0000      0.487828E+00     -0.609655E+00      0.487759E+00     -0.609961E+00
      0.8960    0.0000      0.896266E+00      0.750259E-16
      9.9935   -0.0000      0.479138E+00     -0.357079E+00      0.479187E+00     -0.357242E+00
      0.6405   -0.0000      0.640625E+00     -0.519384E-17
      9.9935   -0.0000      0.416390E+00     -0.223198E+00      0.416448E+00     -0.223285E+00
      0.4921    0.0000      0.492160E+00     -0.826135E-16
      9.9935   -0.0000      0.342873E+00     -0.136079E+00      0.342923E+00     -0.136127E+00
      0.3778    0.0000      0.377883E+00      0.708457E-16
      9.9935   -0.0000      0.286267E+00     -0.900592E-01      0.286306E+00     -0.900867E-01
      0.3048   -0.0000      0.304844E+00      0.384393E-16
      9.9935   -0.0000      0.242345E+00     -0.626572E-01      0.242377E+00     -0.626746E-01
      0.2530    0.0000      0.253041E+00     -0.119698E-15
      9.9935   -0.0000      0.192960E+00     -0.387339E-01      0.192985E+00     -0.387442E-01
      0.1981    0.0000      0.198129E+00     -0.152566E-16
      9.9935   -0.0000      0.158190E+00     -0.256836E-01      0.158209E+00     -0.256900E-01
      0.1610   -0.0000      0.160975E+00     -0.126959E-16
      9.9935   -0.0000      0.138723E+00     -0.196295E-01      0.138739E+00     -0.196340E-01
      0.1406   -0.0000      0.140584E+00      0.249574E-16
      9.9935   -0.0000      0.112272E+00     -0.127680E-01      0.112285E+00     -0.127709E-01
      0.1132    0.0000      0.113250E+00      0.118408E-15
      9.9935   -0.0000      0.742684E-01     -0.554655E-02      0.742768E-01     -0.554782E-02
      0.0745    0.0000      0.745528E-01     -0.522959E-16
      9.9935   -0.0000      0.389902E-01     -0.152256E-02      0.389948E-01     -0.152291E-02
      0.0390   -0.0000      0.390344E-01      0.120799E-15
      9.9935   -0.0000      0.165815E-01     -0.275022E-03      0.165835E-01     -0.275087E-03
      0.0166    0.0000      0.165865E-01      0.565455E-16
      9.9935   -0.0000      0.587927E-02     -0.345670E-04      0.587999E-02     -0.345755E-04
      0.0059   -0.0000      0.588013E-02      0.489650E-16
      9.9935   -0.0000      0.177617E-02     -0.315478E-05      0.177639E-02     -0.315557E-05
      0.0018   -0.0000      0.177639E-02      0.441040E-16
      9.9935   -0.0000      0.464189E-03     -0.215471E-06      0.464249E-03     -0.215527E-06
      0.0005   -0.0000      0.464249E-03      0.273974E-16
