 nedhlp=    0 irho=    2 imvhl=    0
  eftr =  -0.184569 gamma =  0.000000
    6    6    1    0   20    9    0   13   14

  number of centers=    6

                              atom   no.            position              radius     eq
                            1  Ni      28    0.0000    0.0000    0.0000    3.3259     0
                            2  Ni      28    0.0000    0.0000    6.6518    3.3259     0
                            3  Ni      28    0.0000    0.0000   13.3037    3.3259     0
                            4  Ni      28    0.0000    0.0000   19.9555    3.3259     0
                            5  Ni      28    0.0000    0.0000   26.6073    3.3259     0
                            6  Ni      28    0.0000    0.0000   33.2592    3.3259     0

 spheres    4    5  overlap      6.651836    6.651836    0.000000
       constant potential=( -1.036348E-01 ,   0.000000E+00)
       interstitial charge=  1.157724E-04



       1   h=    0.0007   change points:  40  80 120 160 200 240 400 400 400 400   kplace= 272   exchange=0.709000

                           r           real(v)          rho             r           real(v)          rho
                  1  0.7288946E-03 -0.7662765E+05  0.1146489E+00  0.1457789E-02 -0.3821219E+05  0.4275628E+00
                  3  0.2186684E-02 -0.2540658E+05  0.9078749E+00  0.2915579E-02 -0.1900353E+05  0.1530762E+01
                  5  0.3644473E-02 -0.1516155E+05  0.2274661E+01  0.4373368E-02 -0.1260014E+05  0.3120480E+01
                  7  0.5102263E-02 -0.1077051E+05  0.4051129E+01  0.5831157E-02 -0.9398273E+04  0.5051267E+01
                  9  0.6560052E-02 -0.8330970E+04  0.6107218E+01  0.7288946E-02 -0.7477140E+04  0.7206529E+01
                 11  0.8017841E-02 -0.6778571E+04  0.8338145E+01  0.8746736E-02 -0.6196459E+04  0.9492068E+01
                 13  0.9475630E-02 -0.5703934E+04  0.1065939E+02  0.1020453E-01 -0.5281808E+04  0.1183229E+02
                 15  0.1093342E-01 -0.4916004E+04  0.1300349E+02  0.1166231E-01 -0.4595968E+04  0.1416671E+02
                 17  0.1239121E-01 -0.4313625E+04  0.1531670E+02  0.1312010E-01 -0.4062699E+04  0.1644830E+02
                 19  0.1384900E-01 -0.3838228E+04  0.1755727E+02  0.1457789E-01 -0.3636250E+04  0.1863994E+02
                 21  0.1530679E-01 -0.3453551E+04  0.1969313E+02  0.1603568E-01 -0.3287506E+04  0.2071411E+02
                 23  0.1676458E-01 -0.3135940E+04  0.2170058E+02  0.1749347E-01 -0.2997049E+04  0.2265063E+02
                 25  0.1822237E-01 -0.2869309E+04  0.2356282E+02  0.1895126E-01 -0.2751437E+04  0.2443592E+02
                 27  0.1968016E-01 -0.2642334E+04  0.2526891E+02  0.2040905E-01 -0.2541065E+04  0.2606114E+02
                 29  0.2113794E-01 -0.2446816E+04  0.2681229E+02  0.2186684E-01 -0.2358888E+04  0.2752208E+02
                 31  0.2259573E-01 -0.2276667E+04  0.2819055E+02  0.2332463E-01 -0.2199621E+04  0.2881795E+02
                 33  0.2405352E-01 -0.2127276E+04  0.2940436E+02  0.2478242E-01 -0.2059221E+04  0.2995071E+02
                 35  0.2551131E-01 -0.1995085E+04  0.3045702E+02  0.2624021E-01 -0.1934544E+04  0.3092445E+02
                 37  0.2696910E-01 -0.1877304E+04  0.3135370E+02  0.2769800E-01 -0.1823106E+04  0.3174541E+02
                 39  0.2842689E-01 -0.1771714E+04  0.3210111E+02  0.2915579E-01 -0.1722920E+04  0.3242097E+02
                 41  0.3061358E-01 -0.1632376E+04  0.3295949E+02  0.3207136E-01 -0.1550159E+04  0.3337009E+02
                 43  0.3352915E-01 -0.1475181E+04  0.3366244E+02  0.3498694E-01 -0.1406533E+04  0.3384609E+02
                 45  0.3644473E-01 -0.1343456E+04  0.3393000E+02  0.3790252E-01 -0.1285304E+04  0.3392479E+02
                 47  0.3936031E-01 -0.1231528E+04  0.3384049E+02  0.4081810E-01 -0.1181658E+04  0.3368721E+02
                 49  0.4227589E-01 -0.1135288E+04  0.3347066E+02  0.4373368E-01 -0.1092066E+04  0.3320165E+02
                 51  0.4519147E-01 -0.1051687E+04  0.3288994E+02  0.4664926E-01 -0.1013883E+04  0.3253941E+02
                 53  0.4810705E-01 -0.9784174E+03  0.3215956E+02  0.4956484E-01 -0.9450843E+03  0.3175847E+02
                 55  0.5102263E-01 -0.9136986E+03  0.3133797E+02  0.5248041E-01 -0.8840985E+03  0.3090915E+02
                 57  0.5393820E-01 -0.8561370E+03  0.3047206E+02  0.5539599E-01 -0.8296851E+03  0.3003564E+02
                 59  0.5685378E-01 -0.8046253E+03  0.2960145E+02  0.5831157E-01 -0.7808531E+03  0.2917511E+02
                 61  0.5976936E-01 -0.7582732E+03  0.2875872E+02  0.6122715E-01 -0.7368005E+03  0.2835657E+02
                 63  0.6268494E-01 -0.7163568E+03  0.2796981E+02  0.6414273E-01 -0.6968721E+03  0.2760268E+02
                 65  0.6560052E-01 -0.6782814E+03  0.2725462E+02  0.6705831E-01 -0.6605267E+03  0.2693004E+02
                 67  0.6851610E-01 -0.6435538E+03  0.2662762E+02  0.6997389E-01 -0.6273138E+03  0.2635047E+02
                 69  0.7143168E-01 -0.6117615E+03  0.2609844E+02  0.7288946E-01 -0.5968552E+03  0.2587219E+02
                 71  0.7434725E-01 -0.5825568E+03  0.2567229E+02  0.7580504E-01 -0.5688309E+03  0.2549897E+02
                 73  0.7726283E-01 -0.5556447E+03  0.2535165E+02  0.7872062E-01 -0.5429680E+03  0.2523101E+02
                 75  0.8017841E-01 -0.5307728E+03  0.2513629E+02  0.8163620E-01 -0.5190327E+03  0.2506623E+02
                 77  0.8309399E-01 -0.5077240E+03  0.2502251E+02  0.8455178E-01 -0.4968237E+03  0.2500233E+02
                 79  0.8600957E-01 -0.4863106E+03  0.2500463E+02  0.8746736E-01 -0.4761656E+03  0.2503197E+02
                 81  0.9038294E-01 -0.4569060E+03  0.2514727E+02  0.9329851E-01 -0.4389123E+03  0.2534518E+02
                 83  0.9621409E-01 -0.4220663E+03  0.2561227E+02  0.9912967E-01 -0.4062650E+03  0.2594201E+02
                 85  0.1020453E+00 -0.3914172E+03  0.2632728E+02  0.1049608E+00 -0.3774405E+03  0.2675385E+02
                 87  0.1078764E+00 -0.3642642E+03  0.2722178E+02  0.1107920E+00 -0.3518217E+03  0.2771196E+02
                 89  0.1137076E+00 -0.3400571E+03  0.2822884E+02  0.1166231E+00 -0.3289164E+03  0.2875225E+02
                 91  0.1195387E+00 -0.3183544E+03  0.2928698E+02  0.1224543E+00 -0.3083274E+03  0.2981487E+02
                 93  0.1253699E+00 -0.2987985E+03  0.3034219E+02  0.1282855E+00 -0.2897316E+03  0.3085177E+02
                 95  0.1312010E+00 -0.2810965E+03  0.3134887E+02  0.1341166E+00 -0.2728632E+03  0.3182111E+02
                 97  0.1370322E+00 -0.2650063E+03  0.3227023E+02  0.1399478E+00 -0.2575014E+03  0.3269021E+02
                 99  0.1428634E+00 -0.2503264E+03  0.3307824E+02  0.1457789E+00 -0.2434615E+03  0.3343465E+02
                101  0.1486945E+00 -0.2368874E+03  0.3375415E+02  0.1516101E+00 -0.2305875E+03  0.3403788E+02
                103  0.1545257E+00 -0.2245455E+03  0.3428375E+02  0.1574412E+00 -0.2187470E+03  0.3449096E+02
                105  0.1603568E+00 -0.2131782E+03  0.3465923E+02  0.1632724E+00 -0.2078267E+03  0.3478932E+02
                107  0.1661880E+00 -0.2026804E+03  0.3488033E+02  0.1691036E+00 -0.1977288E+03  0.3493257E+02
                109  0.1720191E+00 -0.1929613E+03  0.3494897E+02  0.1749347E+00 -0.1883688E+03  0.3492747E+02
                111  0.1778503E+00 -0.1839418E+03  0.3486974E+02  0.1807659E+00 -0.1796730E+03  0.3478004E+02
                113  0.1836815E+00 -0.1755535E+03  0.3465589E+02  0.1865970E+00 -0.1715768E+03  0.3449840E+02
                115  0.1895126E+00 -0.1677357E+03  0.3431396E+02  0.1924282E+00 -0.1640242E+03  0.3410137E+02
                117  0.1953438E+00 -0.1604352E+03  0.3385694E+02  0.1982593E+00 -0.1569644E+03  0.3359135E+02
                119  0.2011749E+00 -0.1536057E+03  0.3330461E+02  0.2040905E+00 -0.1503540E+03  0.3299026E+02
                121  0.2099217E+00 -0.1441537E+03  0.3231074E+02  0.2157528E+00 -0.1383280E+03  0.3156188E+02
                123  0.2215840E+00 -0.1328467E+03  0.3076630E+02  0.2274151E+00 -0.1276807E+03  0.2992471E+02
                125  0.2332463E+00 -0.1228062E+03  0.2906352E+02  0.2390774E+00 -0.1181995E+03  0.2817939E+02
                127  0.2449086E+00 -0.1138414E+03  0.2729736E+02  0.2507398E+00 -0.1097126E+03  0.2641401E+02
                129  0.2565709E+00 -0.1057973E+03  0.2554876E+02  0.2624021E+00 -0.1020800E+03  0.2470158E+02
                131  0.2682332E+00 -0.9854724E+02  0.2388318E+02  0.2740644E+00 -0.9518678E+02  0.2309914E+02
                133  0.2798955E+00 -0.9198675E+02  0.2235053E+02  0.2857267E+00 -0.8893761E+02  0.2164708E+02
                135  0.2915579E+00 -0.8602904E+02  0.2098574E+02  0.2973890E+00 -0.8325308E+02  0.2037311E+02
                137  0.3032202E+00 -0.8060130E+02  0.1980976E+02  0.3090513E+00 -0.7806665E+02  0.1929584E+02
                139  0.3148825E+00 -0.7564193E+02  0.1883189E+02  0.3207136E+00 -0.7332148E+02  0.1841991E+02
                141  0.3265448E+00 -0.7109874E+02  0.1805641E+02  0.3323760E+00 -0.6896870E+02  0.1774012E+02
                143  0.3382071E+00 -0.6692639E+02  0.1747592E+02  0.3440383E+00 -0.6496686E+02  0.1725430E+02
                145  0.3498694E+00 -0.6308527E+02  0.1707459E+02  0.3557006E+00 -0.6127886E+02  0.1694407E+02
                147  0.3615317E+00 -0.5954210E+02  0.1684852E+02  0.3673629E+00 -0.5787212E+02  0.1678781E+02
                149  0.3731941E+00 -0.5626589E+02  0.1677045E+02  0.3790252E+00 -0.5471963E+02  0.1678108E+02
                151  0.3848564E+00 -0.5322985E+02  0.1681852E+02  0.3906875E+00 -0.5179521E+02  0.1689038E+02
                153  0.3965187E+00 -0.5041168E+02  0.1698576E+02  0.4023498E+00 -0.4907720E+02  0.1709968E+02
                155  0.4081810E+00 -0.4778926E+02  0.1723572E+02  0.4140122E+00 -0.4654658E+02  0.1739467E+02
                157  0.4198433E+00 -0.4534558E+02  0.1756429E+02  0.4256745E+00 -0.4418522E+02  0.1774458E+02
                159  0.4315056E+00 -0.4306369E+02  0.1794302E+02  0.4373368E+00 -0.4197934E+02  0.1814938E+02
                161  0.4489991E+00 -0.3991405E+02  0.1857318E+02  0.4606614E+00 -0.3797905E+02  0.1902297E+02
                163  0.4723237E+00 -0.3616236E+02  0.1946523E+02  0.4839860E+00 -0.3445595E+02  0.1990864E+02
                165  0.4956484E+00 -0.3285035E+02  0.2032660E+02  0.5073107E+00 -0.3133891E+02  0.2072576E+02
                167  0.5189730E+00 -0.2991430E+02  0.2108887E+02  0.5306353E+00 -0.2857072E+02  0.2141843E+02
                169  0.5422976E+00 -0.2730255E+02  0.2170677E+02  0.5539599E+00 -0.2610462E+02  0.2195248E+02
                171  0.5656222E+00 -0.2497257E+02  0.2215461E+02  0.5772846E+00 -0.2390186E+02  0.2231182E+02
                173  0.5889469E+00 -0.2288882E+02  0.2242266E+02  0.6006092E+00 -0.2192968E+02  0.2249081E+02
                175  0.6122715E+00 -0.2102128E+02  0.2251370E+02  0.6239338E+00 -0.2016026E+02  0.2249485E+02
                177  0.6355961E+00 -0.1934426E+02  0.2243817E+02  0.6472584E+00 -0.1856981E+02  0.2233834E+02
                179  0.6589208E+00 -0.1783527E+02  0.2220549E+02  0.6705831E+00 -0.1713782E+02  0.2204105E+02
                181  0.6822454E+00 -0.1647532E+02  0.2183862E+02  0.6939077E+00 -0.1584581E+02  0.2161208E+02
                183  0.7055700E+00 -0.1524776E+02  0.2136061E+02  0.7172323E+00 -0.1467846E+02  0.2107881E+02
                185  0.7288946E+00 -0.1413735E+02  0.2078013E+02  0.7405570E+00 -0.1362217E+02  0.2046457E+02
                187  0.7522193E+00 -0.1313159E+02  0.2012469E+02  0.7638816E+00 -0.1266418E+02  0.1977436E+02
                189  0.7755439E+00 -0.1221920E+02  0.1941381E+02  0.7872062E+00 -0.1179442E+02  0.1903745E+02
                191  0.7988685E+00 -0.1138968E+02  0.1865365E+02  0.8105308E+00 -0.1100329E+02  0.1826538E+02
                193  0.8221932E+00 -0.1063475E+02  0.1787037E+02  0.8338555E+00 -0.1028232E+02  0.1746852E+02
                195  0.8455178E+00 -0.9946125E+01  0.1706682E+02  0.8571801E+00 -0.9624507E+01  0.1666527E+02
                197  0.8688424E+00 -0.9317196E+01  0.1626015E+02  0.8805047E+00 -0.9022872E+01  0.1585650E+02
                199  0.8921670E+00 -0.8741690E+01  0.1545646E+02  0.9038294E+00 -0.8472142E+01  0.1506003E+02
                201  0.9271540E+00 -0.7966730E+01  0.1427335E+02  0.9504786E+00 -0.7502494E+01  0.1351011E+02
                203  0.9738032E+00 -0.7075082E+01  0.1276771E+02  0.9971279E+00 -0.6681136E+01  0.1205452E+02
                205  0.1020453E+01 -0.6317325E+01  0.1136936E+02  0.1043777E+01 -0.5980847E+01  0.1071560E+02
                207  0.1067102E+01 -0.5669199E+01  0.1009364E+02  0.1090426E+01 -0.5380013E+01  0.9503346E+01
                209  0.1113751E+01 -0.5111382E+01  0.8945385E+01  0.1137076E+01 -0.4861390E+01  0.8419002E+01
                211  0.1160400E+01 -0.4628421E+01  0.7922433E+01  0.1183725E+01 -0.4411138E+01  0.7457887E+01
                213  0.1207050E+01 -0.4208060E+01  0.7020474E+01  0.1230374E+01 -0.4018079E+01  0.6611500E+01
                215  0.1253699E+01 -0.3840223E+01  0.6229478E+01  0.1277023E+01 -0.3673248E+01  0.5870872E+01
                217  0.1300348E+01 -0.3516715E+01  0.5538392E+01  0.1323673E+01 -0.3369458E+01  0.5227391E+01
                219  0.1346997E+01 -0.3230847E+01  0.4936161E+01  0.1370322E+01 -0.3100489E+01  0.4667933E+01
                221  0.1393647E+01 -0.2977516E+01  0.4416620E+01  0.1416971E+01 -0.2861291E+01  0.4181554E+01
                223  0.1440296E+01 -0.2751869E+01  0.3965972E+01  0.1463620E+01 -0.2648209E+01  0.3763883E+01
                225  0.1486945E+01 -0.2550092E+01  0.3574823E+01  0.1510270E+01 -0.2457364E+01  0.3401562E+01
                227  0.1533594E+01 -0.2369476E+01  0.3239543E+01  0.1556919E+01 -0.2285932E+01  0.3087741E+01
                229  0.1580244E+01 -0.2206871E+01  0.2947938E+01  0.1603568E+01 -0.2131748E+01  0.2818259E+01
                231  0.1626893E+01 -0.2060306E+01  0.2696426E+01  0.1650217E+01 -0.1992242E+01  0.2582660E+01
                233  0.1673542E+01 -0.1927811E+01  0.2478938E+01  0.1696867E+01 -0.1866235E+01  0.2381123E+01
                235  0.1720191E+01 -0.1807564E+01  0.2289214E+01  0.1743516E+01 -0.1751645E+01  0.2204356E+01
                237  0.1766841E+01 -0.1698461E+01  0.2125750E+01  0.1790165E+01 -0.1647503E+01  0.2051508E+01
                239  0.1813490E+01 -0.1598861E+01  0.1981631E+01  0.1836815E+01 -0.1552431E+01  0.1917391E+01
                241  0.1883464E+01 -0.1465581E+01  0.1800352E+01  0.1930113E+01 -0.1385943E+01  0.1697000E+01
                243  0.1976762E+01 -0.1312886E+01  0.1606175E+01  0.2023412E+01 -0.1245562E+01  0.1524949E+01
                245  0.2070061E+01 -0.1183598E+01  0.1453281E+01  0.2116710E+01 -0.1126180E+01  0.1387961E+01
                247  0.2163359E+01 -0.1073205E+01  0.1330284E+01  0.2210009E+01 -0.1023915E+01  0.1277018E+01
                249  0.2256658E+01 -0.9781909E+00  0.1228972E+01  0.2303307E+01 -0.9355731E+00  0.1184581E+01
                251  0.2349956E+01 -0.8958004E+00  0.1143455E+01  0.2396606E+01 -0.8587035E+00  0.1105640E+01
                253  0.2443255E+01 -0.8239172E+00  0.1069891E+01  0.2489904E+01 -0.7913691E+00  0.1036638E+01
                255  0.2536553E+01 -0.7607975E+00  0.1005158E+01  0.2583203E+01 -0.7320372E+00  0.9751121E+00
                257  0.2629852E+01 -0.7050198E+00  0.9468750E+00  0.2676501E+01 -0.6795380E+00  0.9196969E+00
                259  0.2723150E+01 -0.6554777E+00  0.8935882E+00  0.2769800E+01 -0.6327997E+00  0.8687037E+00
                261  0.2816449E+01 -0.6113263E+00  0.8446034E+00  0.2863098E+01 -0.5910147E+00  0.8213186E+00
                263  0.2909747E+01 -0.5717849E+00  0.7989435E+00  0.2956397E+01 -0.5535600E+00  0.7772194E+00
                265  0.3003046E+01 -0.5362514E+00  0.7561552E+00  0.3049695E+01 -0.5198548E+00  0.7358383E+00
                267  0.3096344E+01 -0.5042590E+00  0.7161192E+00  0.3142994E+01 -0.4894538E+00  0.6969895E+00
                269  0.3189643E+01 -0.4753682E+00  0.6785055E+00  0.3236292E+01 -0.4619931E+00  0.6606101E+00
                271  0.3282941E+01 -0.4492500E+00  0.6432991E+00  0.3329591E+01 -0.4371485E+00  0.6265746E+00
                273  0.3376240E+01 -0.4256189E+00  0.6104657E+00  0.3422889E+01 -0.4146714E+00  0.5949360E+00
                275  0.3469539E+01 -0.4042369E+00  0.5800080E+00  0.0000000E+00  0.0000000E+00  0.0000000E+00



       2   h=    0.0007   change points:  40  80 120 160 200 240 400 400 400 400   kplace= 272   exchange=0.709000

                           r           real(v)          rho             r           real(v)          rho
                  1  0.7288946E-03 -0.7662169E+05  0.1142698E+00  0.1457789E-02 -0.3820623E+05  0.4261544E+00
                  3  0.2186684E-02 -0.2540062E+05  0.9048988E+00  0.2915579E-02 -0.1899757E+05  0.1525773E+01
                  5  0.3644473E-02 -0.1515559E+05  0.2267299E+01  0.4373368E-02 -0.1259418E+05  0.3110461E+01
                  7  0.5102263E-02 -0.1076456E+05  0.4038241E+01  0.5831157E-02 -0.9392315E+04  0.5035365E+01
                  9  0.6560052E-02 -0.8325012E+04  0.6088220E+01  0.7288946E-02 -0.7471182E+04  0.7184410E+01
                 11  0.8017841E-02 -0.6772612E+04  0.8312935E+01  0.8746736E-02 -0.6190500E+04  0.9463847E+01
                 13  0.9475630E-02 -0.5697974E+04  0.1062829E+02  0.1020453E-01 -0.5275848E+04  0.1179848E+02
                 15  0.1093342E-01 -0.4910043E+04  0.1296718E+02  0.1166231E-01 -0.4590007E+04  0.1412814E+02
                 17  0.1239121E-01 -0.4307663E+04  0.1527617E+02  0.1312010E-01 -0.4056737E+04  0.1640613E+02
                 19  0.1384900E-01 -0.3832266E+04  0.1751381E+02  0.1457789E-01 -0.3630287E+04  0.1859556E+02
                 21  0.1530679E-01 -0.3447588E+04  0.1964823E+02  0.1603568E-01 -0.3281542E+04  0.2066912E+02
                 23  0.1676458E-01 -0.3129976E+04  0.2165595E+02  0.1749347E-01 -0.2991085E+04  0.2260682E+02
                 25  0.1822237E-01 -0.2863344E+04  0.2352031E+02  0.1895126E-01 -0.2745472E+04  0.2439521E+02
                 27  0.1968016E-01 -0.2636370E+04  0.2523052E+02  0.2040905E-01 -0.2535101E+04  0.2602560E+02
                 29  0.2113794E-01 -0.2440852E+04  0.2678012E+02  0.2186684E-01 -0.2352924E+04  0.2749384E+02
                 31  0.2259573E-01 -0.2270703E+04  0.2816679E+02  0.2332463E-01 -0.2193658E+04  0.2879923E+02
                 33  0.2405352E-01 -0.2121314E+04  0.2939125E+02  0.2478242E-01 -0.2053260E+04  0.2994378E+02
                 35  0.2551131E-01 -0.1989124E+04  0.3045683E+02  0.2624021E-01 -0.1928584E+04  0.3093158E+02
                 37  0.2696910E-01 -0.1871345E+04  0.3136874E+02  0.2769800E-01 -0.1817149E+04  0.3176893E+02
                 39  0.2842689E-01 -0.1765758E+04  0.3213367E+02  0.2915579E-01 -0.1716966E+04  0.3246316E+02
                 41  0.3061358E-01 -0.1626426E+04  0.3302264E+02  0.3207136E-01 -0.1544214E+04  0.3345645E+02
                 43  0.3352915E-01 -0.1469240E+04  0.3377424E+02  0.3498694E-01 -0.1400599E+04  0.3398548E+02
                 45  0.3644473E-01 -0.1337528E+04  0.3409911E+02  0.3790252E-01 -0.1279384E+04  0.3412565E+02
                 47  0.3936031E-01 -0.1225616E+04  0.3407508E+02  0.4081810E-01 -0.1175756E+04  0.3395742E+02
                 49  0.4227589E-01 -0.1129395E+04  0.3377834E+02  0.4373368E-01 -0.1086184E+04  0.3354852E+02
                 51  0.4519147E-01 -0.1045817E+04  0.3327764E+02  0.4664926E-01 -0.1008024E+04  0.3296954E+02
                 53  0.4810705E-01 -0.9725717E+03  0.3263359E+02  0.4956484E-01 -0.9392524E+03  0.3227776E+02
                 55  0.5102263E-01 -0.9078813E+03  0.3190386E+02  0.5248041E-01 -0.8782964E+03  0.3152279E+02
                 57  0.5393820E-01 -0.8503510E+03  0.3113462E+02  0.5539599E-01 -0.8239158E+03  0.3074811E+02
                 59  0.5685378E-01 -0.7988735E+03  0.3036480E+02  0.5831157E-01 -0.7751193E+03  0.2999017E+02
                 61  0.5976936E-01 -0.7525582E+03  0.2962627E+02  0.6122715E-01 -0.7311048E+03  0.2927726E+02
                 63  0.6268494E-01 -0.7106810E+03  0.2894428E+02  0.6414273E-01 -0.6912166E+03  0.2863140E+02
                 65  0.6560052E-01 -0.6726468E+03  0.2833809E+02  0.6705831E-01 -0.6549134E+03  0.2806855E+02
                 67  0.6851610E-01 -0.6379622E+03  0.2782155E+02  0.6997389E-01 -0.6217444E+03  0.2759997E+02
                 69  0.7143168E-01 -0.6062145E+03  0.2740370E+02  0.7288946E-01 -0.5913309E+03  0.2723328E+02
                 71  0.7434725E-01 -0.5770555E+03  0.2708919E+02  0.7580504E-01 -0.5633528E+03  0.2697173E+02
                 73  0.7726283E-01 -0.5501900E+03  0.2688008E+02  0.7872062E-01 -0.5375368E+03  0.2681500E+02
                 75  0.8017841E-01 -0.5253653E+03  0.2677563E+02  0.8163620E-01 -0.5136491E+03  0.2676060E+02
                 77  0.8309399E-01 -0.5023643E+03  0.2677167E+02  0.8455178E-01 -0.4914879E+03  0.2680590E+02
                 79  0.8600957E-01 -0.4809988E+03  0.2686214E+02  0.8746736E-01 -0.4708779E+03  0.2694307E+02
                 81  0.9038294E-01 -0.4516666E+03  0.2716390E+02  0.9329851E-01 -0.4337212E+03  0.2746518E+02
                 83  0.9621409E-01 -0.4169237E+03  0.2783305E+02  0.9912967E-01 -0.4011710E+03  0.2826082E+02
                 85  0.1020453E+00 -0.3863719E+03  0.2874116E+02  0.1049608E+00 -0.3724443E+03  0.2925958E+02
                 87  0.1078764E+00 -0.3593172E+03  0.2981611E+02  0.1107920E+00 -0.3469243E+03  0.3039133E+02
                 89  0.1137076E+00 -0.3352096E+03  0.3098975E+02  0.1166231E+00 -0.3241192E+03  0.3159092E+02
                 91  0.1195387E+00 -0.3136080E+03  0.3219970E+02  0.1224543E+00 -0.3036322E+03  0.3279772E+02
                 93  0.1253699E+00 -0.2941550E+03  0.3339129E+02  0.1282855E+00 -0.2851403E+03  0.3396314E+02
                 95  0.1312010E+00 -0.2765577E+03  0.3451852E+02  0.1341166E+00 -0.2683776E+03  0.3504502E+02
                 97  0.1370322E+00 -0.2605742E+03  0.3554434E+02  0.1399478E+00 -0.2531233E+03  0.3601049E+02
                 99  0.1428634E+00 -0.2460026E+03  0.3644063E+02  0.1457789E+00 -0.2391924E+03  0.3683510E+02
                101  0.1486945E+00 -0.2326733E+03  0.3718866E+02  0.1516101E+00 -0.2264288E+03  0.3750239E+02
                103  0.1545257E+00 -0.2204424E+03  0.3777431E+02  0.1574412E+00 -0.2146998E+03  0.3800363E+02
                105  0.1603568E+00 -0.2091870E+03  0.3819002E+02  0.1632724E+00 -0.2038918E+03  0.3833442E+02
                107  0.1661880E+00 -0.1988018E+03  0.3843587E+02  0.1691036E+00 -0.1939066E+03  0.3849471E+02
                109  0.1720191E+00 -0.1891956E+03  0.3851405E+02  0.1749347E+00 -0.1846595E+03  0.3849175E+02
                111  0.1778503E+00 -0.1802890E+03  0.3842954E+02  0.1807659E+00 -0.1760765E+03  0.3833189E+02
                113  0.1836815E+00 -0.1720134E+03  0.3819623E+02  0.1865970E+00 -0.1680928E+03  0.3802369E+02
                115  0.1895126E+00 -0.1643077E+03  0.3782098E+02  0.1924282E+00 -0.1606520E+03  0.3758682E+02
                117  0.1953438E+00 -0.1571186E+03  0.3731736E+02  0.1982593E+00 -0.1537031E+03  0.3702377E+02
                119  0.2011749E+00 -0.1503995E+03  0.3670606E+02  0.2040905E+00 -0.1472025E+03  0.3635746E+02
                121  0.2099217E+00 -0.1411105E+03  0.3560114E+02  0.2157528E+00 -0.1353917E+03  0.3476430E+02
                123  0.2215840E+00 -0.1300154E+03  0.3387082E+02  0.2274151E+00 -0.1249526E+03  0.3292136E+02
                125  0.2332463E+00 -0.1201791E+03  0.3194402E+02  0.2390774E+00 -0.1156712E+03  0.3093515E+02
                127  0.2449086E+00 -0.1114096E+03  0.2992173E+02  0.2507398E+00 -0.1073749E+03  0.2889991E+02
                129  0.2565709E+00 -0.1035511E+03  0.2789104E+02  0.2624021E+00 -0.9992265E+02  0.2689487E+02
                131  0.2682332E+00 -0.9647607E+02  0.2592356E+02  0.2740644E+00 -0.9319909E+02  0.2498328E+02
                133  0.2798955E+00 -0.9007975E+02  0.2407529E+02  0.2857267E+00 -0.8710862E+02  0.2321128E+02
                135  0.2915579E+00 -0.8427524E+02  0.2238702E+02  0.2973890E+00 -0.8157182E+02  0.2161159E+02
                137  0.3032202E+00 -0.7898988E+02  0.2088524E+02  0.3090513E+00 -0.7652245E+02  0.2020859E+02
                139  0.3148825E+00 -0.7416248E+02  0.1958374E+02  0.3207136E+00 -0.7190427E+02  0.1901178E+02
                141  0.3265448E+00 -0.6974145E+02  0.1849080E+02  0.3323760E+00 -0.6766916E+02  0.1802010E+02
                143  0.3382071E+00 -0.6568239E+02  0.1760364E+02  0.3440383E+00 -0.6377646E+02  0.1723372E+02
                145  0.3498694E+00 -0.6194660E+02  0.1690979E+02  0.3557006E+00 -0.6019011E+02  0.1663839E+02
                147  0.3615317E+00 -0.5850163E+02  0.1640677E+02  0.3673629E+00 -0.5687841E+02  0.1621481E+02
                149  0.3731941E+00 -0.5531743E+02  0.1607056E+02  0.3790252E+00 -0.5381509E+02  0.1595951E+02
                151  0.3848564E+00 -0.5236790E+02  0.1588055E+02  0.3906875E+00 -0.5097465E+02  0.1584114E+02
                153  0.3965187E+00 -0.4963129E+02  0.1583059E+02  0.4023498E+00 -0.4833585E+02  0.1584403E+02
                155  0.4081810E+00 -0.4708584E+02  0.1588508E+02  0.4140122E+00 -0.4588006E+02  0.1595455E+02
                157  0.4198433E+00 -0.4471487E+02  0.1604003E+02  0.4256745E+00 -0.4358927E+02  0.1614154E+02
                159  0.4315056E+00 -0.4250153E+02  0.1626690E+02  0.4373368E+00 -0.4144998E+02  0.1640540E+02
                161  0.4489991E+00 -0.3944717E+02  0.1670856E+02  0.4606614E+00 -0.3757086E+02  0.1705881E+02
                163  0.4723237E+00 -0.3580888E+02  0.1741966E+02  0.4839860E+00 -0.3415355E+02  0.1780110E+02
                165  0.4956484E+00 -0.3259522E+02  0.1817265E+02  0.5073107E+00 -0.3112763E+02  0.1854259E+02
                167  0.5189730E+00 -0.2974334E+02  0.1888947E+02  0.5306353E+00 -0.2843689E+02  0.1921719E+02
                169  0.5422976E+00 -0.2720269E+02  0.1951453E+02  0.5539599E+00 -0.2603579E+02  0.1978030E+02
                171  0.5656222E+00 -0.2493203E+02  0.2001190E+02  0.5772846E+00 -0.2388691E+02  0.2020579E+02
                173  0.5889469E+00 -0.2289715E+02  0.2036217E+02  0.6006092E+00 -0.2195891E+02  0.2048050E+02
                175  0.6122715E+00 -0.2106936E+02  0.2055934E+02  0.6239338E+00 -0.2022520E+02  0.2060066E+02
                177  0.6355961E+00 -0.1942424E+02  0.2060665E+02  0.6472584E+00 -0.1866318E+02  0.2057342E+02
                179  0.6589208E+00 -0.1794051E+02  0.2050840E+02  0.6705831E+00 -0.1725344E+02  0.2041266E+02
                181  0.6822454E+00 -0.1660012E+02  0.2028091E+02  0.6939077E+00 -0.1597854E+02  0.2012458E+02
                183  0.7055700E+00 -0.1538737E+02  0.1994295E+02  0.7172323E+00 -0.1482394E+02  0.1973128E+02
                185  0.7288946E+00 -0.1428784E+02  0.1950137E+02  0.7405570E+00 -0.1377679E+02  0.1925324E+02
                187  0.7522193E+00 -0.1328967E+02  0.1898004E+02  0.7638816E+00 -0.1282499E+02  0.1869452E+02
                189  0.7755439E+00 -0.1238219E+02  0.1839691E+02  0.7872062E+00 -0.1195897E+02  0.1808186E+02
                191  0.7988685E+00 -0.1155537E+02  0.1775737E+02  0.8105308E+00 -0.1116962E+02  0.1742630E+02
                193  0.8221932E+00 -0.1080139E+02  0.1708638E+02  0.8338555E+00 -0.1044884E+02  0.1673752E+02
                195  0.8455178E+00 -0.1011228E+02  0.1638667E+02  0.8571801E+00 -0.9789953E+01  0.1603384E+02
                197  0.8688424E+00 -0.9481737E+01  0.1567517E+02  0.8805047E+00 -0.9186231E+01  0.1531588E+02
                199  0.8921670E+00 -0.8903741E+01  0.1495821E+02  0.9038294E+00 -0.8632659E+01  0.1460214E+02
                201  0.9271540E+00 -0.8123785E+01  0.1388974E+02  0.9504786E+00 -0.7655680E+01  0.1319366E+02
                203  0.9738032E+00 -0.7224047E+01  0.1251074E+02  0.9971279E+00 -0.6825703E+01  0.1185098E+02
                205  0.1020453E+01 -0.6457326E+01  0.1121261E+02  0.1043777E+01 -0.6116248E+01  0.1060060E+02
                207  0.1067102E+01 -0.5799961E+01  0.1001492E+02  0.1090426E+01 -0.5506184E+01  0.9456652E+01
                209  0.1113751E+01 -0.5233019E+01  0.8926550E+01  0.1137076E+01 -0.4978572E+01  0.8424242E+01
                211  0.1160400E+01 -0.4741282E+01  0.7948865E+01  0.1183725E+01 -0.4519758E+01  0.7502040E+01
                213  0.1207050E+01 -0.4312602E+01  0.7080180E+01  0.1230374E+01 -0.4118668E+01  0.6684380E+01
                215  0.1253699E+01 -0.3936997E+01  0.6313418E+01  0.1277023E+01 -0.3766369E+01  0.5964387E+01
                217  0.1300348E+01 -0.3606306E+01  0.5639644E+01  0.1323673E+01 -0.3455666E+01  0.5335145E+01
                219  0.1346997E+01 -0.3313833E+01  0.5049402E+01  0.1370322E+01 -0.3180356E+01  0.4785330E+01
                221  0.1393647E+01 -0.3054419E+01  0.4537438E+01  0.1416971E+01 -0.2935364E+01  0.4305124E+01
                223  0.1440296E+01 -0.2823216E+01  0.4091380E+01  0.1463620E+01 -0.2716955E+01  0.3890668E+01
                225  0.1486945E+01 -0.2616372E+01  0.3702562E+01  0.1510270E+01 -0.2521257E+01  0.3529664E+01
                227  0.1533594E+01 -0.2431104E+01  0.3367691E+01  0.1556919E+01 -0.2345394E+01  0.3215675E+01
                229  0.1580244E+01 -0.2264261E+01  0.3075317E+01  0.1603568E+01 -0.2187144E+01  0.2944831E+01
                231  0.1626893E+01 -0.2113814E+01  0.2822041E+01  0.1650217E+01 -0.2043935E+01  0.2707161E+01
                233  0.1673542E+01 -0.1977760E+01  0.2602098E+01  0.1696867E+01 -0.1914512E+01  0.2502864E+01
                235  0.1720191E+01 -0.1854256E+01  0.2409459E+01  0.1743516E+01 -0.1796799E+01  0.2322995E+01
                237  0.1766841E+01 -0.1742149E+01  0.2242695E+01  0.1790165E+01 -0.1689778E+01  0.2166728E+01
                239  0.1813490E+01 -0.1639796E+01  0.2095093E+01  0.1836815E+01 -0.1592060E+01  0.2029034E+01
                241  0.1883464E+01 -0.1502767E+01  0.1908300E+01  0.1930113E+01 -0.1420879E+01  0.1801220E+01
                243  0.1976762E+01 -0.1345740E+01  0.1706657E+01  0.2023412E+01 -0.1276501E+01  0.1621744E+01
                245  0.2070061E+01 -0.1212762E+01  0.1546443E+01  0.2116710E+01 -0.1153717E+01  0.1477598E+01
                247  0.2163359E+01 -0.1099233E+01  0.1416489E+01  0.2210009E+01 -0.1048563E+01  0.1359930E+01
                249  0.2256658E+01 -0.1001569E+01  0.1308725E+01  0.2303307E+01 -0.9577920E+00  0.1261328E+01
                251  0.2349956E+01 -0.9169633E+00  0.1217359E+01  0.2396606E+01 -0.8789045E+00  0.1176865E+01
                253  0.2443255E+01 -0.8432524E+00  0.1138614E+01  0.2489904E+01 -0.8099246E+00  0.1103038E+01
                255  0.2536553E+01 -0.7786587E+00  0.1069420E+01  0.2583203E+01 -0.7492862E+00  0.1037422E+01
                257  0.2629852E+01 -0.7217330E+00  0.1007429E+01  0.2676501E+01 -0.6957909E+00  0.9786842E+00
                259  0.2723150E+01 -0.6713433E+00  0.9512043E+00  0.2769800E+01 -0.6483476E+00  0.9251534E+00
                261  0.2816449E+01 -0.6266247E+00  0.9000798E+00  0.2863098E+01 -0.6061299E+00  0.8760220E+00
                263  0.2909747E+01 -0.5867827E+00  0.8530860E+00  0.2956397E+01 -0.5685029E+00  0.8309974E+00
                265  0.3003046E+01 -0.5512024E+00  0.8097736E+00  0.3049695E+01 -0.5348764E+00  0.7895133E+00
                267  0.3096344E+01 -0.5194125E+00  0.7700571E+00  0.3142994E+01 -0.5047984E+00  0.7513906E+00
                269  0.3189643E+01 -0.4909674E+00  0.7336016E+00  0.3236292E+01 -0.4779062E+00  0.7166097E+00
                271  0.3282941E+01 -0.4655381E+00  0.7004217E+00  0.3329591E+01 -0.4538718E+00  0.6850395E+00
                273  0.3376240E+01 -0.4428423E+00  0.6705186E+00  0.3422889E+01 -0.4324542E+00  0.6567946E+00
                275  0.3469539E+01 -0.4226426E+00  0.6439121E+00  0.0000000E+00  0.0000000E+00  0.0000000E+00



       3   h=    0.0007   change points:  40  80 120 160 200 240 400 400 400 400   kplace= 272   exchange=0.709000

                           r           real(v)          rho             r           real(v)          rho
                  1  0.7288946E-03 -0.7662169E+05  0.1142698E+00  0.1457789E-02 -0.3820623E+05  0.4261544E+00
                  3  0.2186684E-02 -0.2540062E+05  0.9048988E+00  0.2915579E-02 -0.1899757E+05  0.1525773E+01
                  5  0.3644473E-02 -0.1515559E+05  0.2267299E+01  0.4373368E-02 -0.1259418E+05  0.3110461E+01
                  7  0.5102263E-02 -0.1076456E+05  0.4038241E+01  0.5831157E-02 -0.9392315E+04  0.5035365E+01
                  9  0.6560052E-02 -0.8325012E+04  0.6088220E+01  0.7288946E-02 -0.7471182E+04  0.7184410E+01
                 11  0.8017841E-02 -0.6772612E+04  0.8312935E+01  0.8746736E-02 -0.6190500E+04  0.9463847E+01
                 13  0.9475630E-02 -0.5697974E+04  0.1062829E+02  0.1020453E-01 -0.5275848E+04  0.1179848E+02
                 15  0.1093342E-01 -0.4910043E+04  0.1296718E+02  0.1166231E-01 -0.4590007E+04  0.1412814E+02
                 17  0.1239121E-01 -0.4307663E+04  0.1527617E+02  0.1312010E-01 -0.4056737E+04  0.1640613E+02
                 19  0.1384900E-01 -0.3832266E+04  0.1751381E+02  0.1457789E-01 -0.3630287E+04  0.1859556E+02
                 21  0.1530679E-01 -0.3447587E+04  0.1964823E+02  0.1603568E-01 -0.3281542E+04  0.2066912E+02
                 23  0.1676458E-01 -0.3129976E+04  0.2165595E+02  0.1749347E-01 -0.2991085E+04  0.2260682E+02
                 25  0.1822237E-01 -0.2863344E+04  0.2352031E+02  0.1895126E-01 -0.2745472E+04  0.2439521E+02
                 27  0.1968016E-01 -0.2636370E+04  0.2523052E+02  0.2040905E-01 -0.2535101E+04  0.2602560E+02
                 29  0.2113794E-01 -0.2440852E+04  0.2678012E+02  0.2186684E-01 -0.2352924E+04  0.2749384E+02
                 31  0.2259573E-01 -0.2270703E+04  0.2816679E+02  0.2332463E-01 -0.2193658E+04  0.2879923E+02
                 33  0.2405352E-01 -0.2121314E+04  0.2939125E+02  0.2478242E-01 -0.2053260E+04  0.2994378E+02
                 35  0.2551131E-01 -0.1989124E+04  0.3045683E+02  0.2624021E-01 -0.1928584E+04  0.3093158E+02
                 37  0.2696910E-01 -0.1871345E+04  0.3136874E+02  0.2769800E-01 -0.1817149E+04  0.3176893E+02
                 39  0.2842689E-01 -0.1765758E+04  0.3213367E+02  0.2915579E-01 -0.1716966E+04  0.3246316E+02
                 41  0.3061358E-01 -0.1626426E+04  0.3302264E+02  0.3207136E-01 -0.1544214E+04  0.3345645E+02
                 43  0.3352915E-01 -0.1469240E+04  0.3377424E+02  0.3498694E-01 -0.1400599E+04  0.3398548E+02
                 45  0.3644473E-01 -0.1337528E+04  0.3409911E+02  0.3790252E-01 -0.1279384E+04  0.3412565E+02
                 47  0.3936031E-01 -0.1225616E+04  0.3407508E+02  0.4081810E-01 -0.1175755E+04  0.3395742E+02
                 49  0.4227589E-01 -0.1129395E+04  0.3377834E+02  0.4373368E-01 -0.1086184E+04  0.3354852E+02
                 51  0.4519147E-01 -0.1045817E+04  0.3327764E+02  0.4664926E-01 -0.1008024E+04  0.3296954E+02
                 53  0.4810705E-01 -0.9725717E+03  0.3263359E+02  0.4956484E-01 -0.9392523E+03  0.3227776E+02
                 55  0.5102263E-01 -0.9078812E+03  0.3190386E+02  0.5248041E-01 -0.8782964E+03  0.3152279E+02
                 57  0.5393820E-01 -0.8503509E+03  0.3113462E+02  0.5539599E-01 -0.8239158E+03  0.3074811E+02
                 59  0.5685378E-01 -0.7988734E+03  0.3036480E+02  0.5831157E-01 -0.7751192E+03  0.2999017E+02
                 61  0.5976936E-01 -0.7525581E+03  0.2962627E+02  0.6122715E-01 -0.7311047E+03  0.2927726E+02
                 63  0.6268494E-01 -0.7106809E+03  0.2894428E+02  0.6414273E-01 -0.6912166E+03  0.2863140E+02
                 65  0.6560052E-01 -0.6726468E+03  0.2833809E+02  0.6705831E-01 -0.6549134E+03  0.2806855E+02
                 67  0.6851610E-01 -0.6379622E+03  0.2782155E+02  0.6997389E-01 -0.6217443E+03  0.2759997E+02
                 69  0.7143168E-01 -0.6062144E+03  0.2740370E+02  0.7288946E-01 -0.5913309E+03  0.2723328E+02
                 71  0.7434725E-01 -0.5770555E+03  0.2708919E+02  0.7580504E-01 -0.5633527E+03  0.2697173E+02
                 73  0.7726283E-01 -0.5501899E+03  0.2688008E+02  0.7872062E-01 -0.5375368E+03  0.2681500E+02
                 75  0.8017841E-01 -0.5253653E+03  0.2677563E+02  0.8163620E-01 -0.5136490E+03  0.2676060E+02
                 77  0.8309399E-01 -0.5023642E+03  0.2677167E+02  0.8455178E-01 -0.4914878E+03  0.2680590E+02
                 79  0.8600957E-01 -0.4809987E+03  0.2686214E+02  0.8746736E-01 -0.4708779E+03  0.2694307E+02
                 81  0.9038294E-01 -0.4516665E+03  0.2716390E+02  0.9329851E-01 -0.4337211E+03  0.2746518E+02
                 83  0.9621409E-01 -0.4169237E+03  0.2783305E+02  0.9912967E-01 -0.4011709E+03  0.2826082E+02
                 85  0.1020453E+00 -0.3863719E+03  0.2874116E+02  0.1049608E+00 -0.3724442E+03  0.2925958E+02
                 87  0.1078764E+00 -0.3593171E+03  0.2981611E+02  0.1107920E+00 -0.3469242E+03  0.3039133E+02
                 89  0.1137076E+00 -0.3352095E+03  0.3098975E+02  0.1166231E+00 -0.3241191E+03  0.3159092E+02
                 91  0.1195387E+00 -0.3136080E+03  0.3219970E+02  0.1224543E+00 -0.3036321E+03  0.3279772E+02
                 93  0.1253699E+00 -0.2941549E+03  0.3339129E+02  0.1282855E+00 -0.2851402E+03  0.3396314E+02
                 95  0.1312010E+00 -0.2765577E+03  0.3451852E+02  0.1341166E+00 -0.2683775E+03  0.3504502E+02
                 97  0.1370322E+00 -0.2605741E+03  0.3554434E+02  0.1399478E+00 -0.2531232E+03  0.3601049E+02
                 99  0.1428634E+00 -0.2460025E+03  0.3644063E+02  0.1457789E+00 -0.2391923E+03  0.3683510E+02
                101  0.1486945E+00 -0.2326733E+03  0.3718866E+02  0.1516101E+00 -0.2264287E+03  0.3750239E+02
                103  0.1545257E+00 -0.2204424E+03  0.3777431E+02  0.1574412E+00 -0.2146998E+03  0.3800363E+02
                105  0.1603568E+00 -0.2091870E+03  0.3819002E+02  0.1632724E+00 -0.2038917E+03  0.3833442E+02
                107  0.1661880E+00 -0.1988018E+03  0.3843587E+02  0.1691036E+00 -0.1939065E+03  0.3849471E+02
                109  0.1720191E+00 -0.1891955E+03  0.3851405E+02  0.1749347E+00 -0.1846595E+03  0.3849175E+02
                111  0.1778503E+00 -0.1802890E+03  0.3842954E+02  0.1807659E+00 -0.1760765E+03  0.3833189E+02
                113  0.1836815E+00 -0.1720134E+03  0.3819623E+02  0.1865970E+00 -0.1680927E+03  0.3802369E+02
                115  0.1895126E+00 -0.1643076E+03  0.3782098E+02  0.1924282E+00 -0.1606519E+03  0.3758682E+02
                117  0.1953438E+00 -0.1571185E+03  0.3731736E+02  0.1982593E+00 -0.1537031E+03  0.3702377E+02
                119  0.2011749E+00 -0.1503994E+03  0.3670606E+02  0.2040905E+00 -0.1472024E+03  0.3635746E+02
                121  0.2099217E+00 -0.1411104E+03  0.3560114E+02  0.2157528E+00 -0.1353916E+03  0.3476430E+02
                123  0.2215840E+00 -0.1300153E+03  0.3387082E+02  0.2274151E+00 -0.1249525E+03  0.3292136E+02
                125  0.2332463E+00 -0.1201791E+03  0.3194402E+02  0.2390774E+00 -0.1156712E+03  0.3093515E+02
                127  0.2449086E+00 -0.1114096E+03  0.2992173E+02  0.2507398E+00 -0.1073748E+03  0.2889991E+02
                129  0.2565709E+00 -0.1035510E+03  0.2789104E+02  0.2624021E+00 -0.9992259E+02  0.2689487E+02
                131  0.2682332E+00 -0.9647601E+02  0.2592356E+02  0.2740644E+00 -0.9319903E+02  0.2498328E+02
                133  0.2798955E+00 -0.9007970E+02  0.2407529E+02  0.2857267E+00 -0.8710857E+02  0.2321128E+02
                135  0.2915579E+00 -0.8427518E+02  0.2238702E+02  0.2973890E+00 -0.8157176E+02  0.2161159E+02
                137  0.3032202E+00 -0.7898982E+02  0.2088524E+02  0.3090513E+00 -0.7652239E+02  0.2020859E+02
                139  0.3148825E+00 -0.7416242E+02  0.1958374E+02  0.3207136E+00 -0.7190421E+02  0.1901178E+02
                141  0.3265448E+00 -0.6974139E+02  0.1849080E+02  0.3323760E+00 -0.6766911E+02  0.1802010E+02
                143  0.3382071E+00 -0.6568233E+02  0.1760364E+02  0.3440383E+00 -0.6377640E+02  0.1723372E+02
                145  0.3498694E+00 -0.6194654E+02  0.1690979E+02  0.3557006E+00 -0.6019005E+02  0.1663839E+02
                147  0.3615317E+00 -0.5850158E+02  0.1640677E+02  0.3673629E+00 -0.5687835E+02  0.1621481E+02
                149  0.3731941E+00 -0.5531738E+02  0.1607056E+02  0.3790252E+00 -0.5381503E+02  0.1595951E+02
                151  0.3848564E+00 -0.5236784E+02  0.1588055E+02  0.3906875E+00 -0.5097459E+02  0.1584114E+02
                153  0.3965187E+00 -0.4963123E+02  0.1583059E+02  0.4023498E+00 -0.4833579E+02  0.1584403E+02
                155  0.4081810E+00 -0.4708579E+02  0.1588508E+02  0.4140122E+00 -0.4588001E+02  0.1595455E+02
                157  0.4198433E+00 -0.4471481E+02  0.1604003E+02  0.4256745E+00 -0.4358922E+02  0.1614154E+02
                159  0.4315056E+00 -0.4250147E+02  0.1626690E+02  0.4373368E+00 -0.4144992E+02  0.1640540E+02
                161  0.4489991E+00 -0.3944711E+02  0.1670856E+02  0.4606614E+00 -0.3757080E+02  0.1705881E+02
                163  0.4723237E+00 -0.3580882E+02  0.1741966E+02  0.4839860E+00 -0.3415349E+02  0.1780110E+02
                165  0.4956484E+00 -0.3259516E+02  0.1817265E+02  0.5073107E+00 -0.3112757E+02  0.1854259E+02
                167  0.5189730E+00 -0.2974328E+02  0.1888947E+02  0.5306353E+00 -0.2843683E+02  0.1921719E+02
                169  0.5422976E+00 -0.2720264E+02  0.1951453E+02  0.5539599E+00 -0.2603574E+02  0.1978030E+02
                171  0.5656222E+00 -0.2493197E+02  0.2001190E+02  0.5772846E+00 -0.2388686E+02  0.2020579E+02
                173  0.5889469E+00 -0.2289709E+02  0.2036217E+02  0.6006092E+00 -0.2195885E+02  0.2048050E+02
                175  0.6122715E+00 -0.2106930E+02  0.2055934E+02  0.6239338E+00 -0.2022514E+02  0.2060066E+02
                177  0.6355961E+00 -0.1942418E+02  0.2060665E+02  0.6472584E+00 -0.1866312E+02  0.2057342E+02
                179  0.6589208E+00 -0.1794045E+02  0.2050840E+02  0.6705831E+00 -0.1725338E+02  0.2041266E+02
                181  0.6822454E+00 -0.1660007E+02  0.2028091E+02  0.6939077E+00 -0.1597848E+02  0.2012458E+02
                183  0.7055700E+00 -0.1538731E+02  0.1994295E+02  0.7172323E+00 -0.1482388E+02  0.1973128E+02
                185  0.7288946E+00 -0.1428778E+02  0.1950137E+02  0.7405570E+00 -0.1377673E+02  0.1925324E+02
                187  0.7522193E+00 -0.1328961E+02  0.1898004E+02  0.7638816E+00 -0.1282493E+02  0.1869452E+02
                189  0.7755439E+00 -0.1238213E+02  0.1839692E+02  0.7872062E+00 -0.1195892E+02  0.1808186E+02
                191  0.7988685E+00 -0.1155532E+02  0.1775737E+02  0.8105308E+00 -0.1116957E+02  0.1742630E+02
                193  0.8221932E+00 -0.1080133E+02  0.1708638E+02  0.8338555E+00 -0.1044878E+02  0.1673752E+02
                195  0.8455178E+00 -0.1011222E+02  0.1638667E+02  0.8571801E+00 -0.9789896E+01  0.1603384E+02
                197  0.8688424E+00 -0.9481680E+01  0.1567517E+02  0.8805047E+00 -0.9186174E+01  0.1531588E+02
                199  0.8921670E+00 -0.8903684E+01  0.1495821E+02  0.9038294E+00 -0.8632602E+01  0.1460214E+02
                201  0.9271540E+00 -0.8123728E+01  0.1388974E+02  0.9504786E+00 -0.7655623E+01  0.1319366E+02
                203  0.9738032E+00 -0.7223990E+01  0.1251074E+02  0.9971279E+00 -0.6825647E+01  0.1185098E+02
                205  0.1020453E+01 -0.6457269E+01  0.1121261E+02  0.1043777E+01 -0.6116192E+01  0.1060060E+02
                207  0.1067102E+01 -0.5799905E+01  0.1001492E+02  0.1090426E+01 -0.5506127E+01  0.9456655E+01
                209  0.1113751E+01 -0.5232962E+01  0.8926553E+01  0.1137076E+01 -0.4978515E+01  0.8424245E+01
                211  0.1160400E+01 -0.4741225E+01  0.7948868E+01  0.1183725E+01 -0.4519702E+01  0.7502043E+01
                213  0.1207050E+01 -0.4312545E+01  0.7080183E+01  0.1230374E+01 -0.4118612E+01  0.6684384E+01
                215  0.1253699E+01 -0.3936941E+01  0.6313423E+01  0.1277023E+01 -0.3766312E+01  0.5964392E+01
                217  0.1300348E+01 -0.3606250E+01  0.5639649E+01  0.1323673E+01 -0.3455610E+01  0.5335150E+01
                219  0.1346997E+01 -0.3313777E+01  0.5049408E+01  0.1370322E+01 -0.3180300E+01  0.4785336E+01
                221  0.1393647E+01 -0.3054363E+01  0.4537444E+01  0.1416971E+01 -0.2935308E+01  0.4305131E+01
                223  0.1440296E+01 -0.2823160E+01  0.4091387E+01  0.1463620E+01 -0.2716900E+01  0.3890676E+01
                225  0.1486945E+01 -0.2616316E+01  0.3702570E+01  0.1510270E+01 -0.2521202E+01  0.3529673E+01
                227  0.1533594E+01 -0.2431049E+01  0.3367700E+01  0.1556919E+01 -0.2345339E+01  0.3215686E+01
                229  0.1580244E+01 -0.2264206E+01  0.3075329E+01  0.1603568E+01 -0.2187089E+01  0.2944843E+01
                231  0.1626893E+01 -0.2113760E+01  0.2822054E+01  0.1650217E+01 -0.2043880E+01  0.2707175E+01
                233  0.1673542E+01 -0.1977706E+01  0.2602113E+01  0.1696867E+01 -0.1914458E+01  0.2502879E+01
                235  0.1720191E+01 -0.1854202E+01  0.2409476E+01  0.1743516E+01 -0.1796746E+01  0.2323012E+01
                237  0.1766841E+01 -0.1742095E+01  0.2242714E+01  0.1790165E+01 -0.1689725E+01  0.2166748E+01
                239  0.1813490E+01 -0.1639743E+01  0.2095114E+01  0.1836815E+01 -0.1592007E+01  0.2029056E+01
                241  0.1883464E+01 -0.1502715E+01  0.1908325E+01  0.1930113E+01 -0.1420828E+01  0.1801248E+01
                243  0.1976762E+01 -0.1345690E+01  0.1706689E+01  0.2023412E+01 -0.1276452E+01  0.1621780E+01
                245  0.2070061E+01 -0.1212714E+01  0.1546484E+01  0.2116710E+01 -0.1153670E+01  0.1477644E+01
                247  0.2163359E+01 -0.1099187E+01  0.1416541E+01  0.2210009E+01 -0.1048519E+01  0.1359988E+01
                249  0.2256658E+01 -0.1001527E+01  0.1308789E+01  0.2303307E+01 -0.9577508E+00  0.1261401E+01
                251  0.2349956E+01 -0.9169241E+00  0.1217440E+01  0.2396606E+01 -0.8788674E+00  0.1176956E+01
                253  0.2443255E+01 -0.8432175E+00  0.1138715E+01  0.2489904E+01 -0.8098923E+00  0.1103151E+01
                255  0.2536553E+01 -0.7786293E+00  0.1069545E+01  0.2583203E+01 -0.7492599E+00  0.1037562E+01
                257  0.2629852E+01 -0.7217101E+00  0.1007584E+01  0.2676501E+01 -0.6957719E+00  0.9788569E+00
                259  0.2723150E+01 -0.6713285E+00  0.9513963E+00  0.2769800E+01 -0.6483375E+00  0.9253666E+00
                261  0.2816449E+01 -0.6266198E+00  0.9003166E+00  0.2863098E+01 -0.6061306E+00  0.8762846E+00
                263  0.2909747E+01 -0.5867898E+00  0.8533773E+00  0.2956397E+01 -0.5685170E+00  0.8313202E+00
                265  0.3003046E+01 -0.5512241E+00  0.8101313E+00  0.3049695E+01 -0.5349066E+00  0.7899093E+00
                267  0.3096344E+01 -0.5194520E+00  0.7704954E+00  0.3142994E+01 -0.5048482E+00  0.7518755E+00
                269  0.3189643E+01 -0.4910286E+00  0.7341377E+00  0.3236292E+01 -0.4779798E+00  0.7172023E+00
                271  0.3282941E+01 -0.4656254E+00  0.7010764E+00  0.3329591E+01 -0.4539742E+00  0.6857626E+00
                273  0.3376240E+01 -0.4429612E+00  0.6713167E+00  0.3422889E+01 -0.4325913E+00  0.6576754E+00
                275  0.3469539E+01 -0.4227995E+00  0.6448836E+00  0.0000000E+00  0.0000000E+00  0.0000000E+00



       4   h=    0.0007   change points:  40  80 120 160 200 240 400 400 400 400   kplace= 272   exchange=0.709000

                           r           real(v)          rho             r           real(v)          rho
                  1  0.7288946E-03 -0.7662169E+05  0.1142698E+00  0.1457789E-02 -0.3820623E+05  0.4261544E+00
                  3  0.2186684E-02 -0.2540062E+05  0.9048988E+00  0.2915579E-02 -0.1899757E+05  0.1525773E+01
                  5  0.3644473E-02 -0.1515559E+05  0.2267299E+01  0.4373368E-02 -0.1259418E+05  0.3110461E+01
                  7  0.5102263E-02 -0.1076456E+05  0.4038241E+01  0.5831157E-02 -0.9392315E+04  0.5035365E+01
                  9  0.6560052E-02 -0.8325012E+04  0.6088220E+01  0.7288946E-02 -0.7471182E+04  0.7184410E+01
                 11  0.8017841E-02 -0.6772612E+04  0.8312935E+01  0.8746736E-02 -0.6190500E+04  0.9463847E+01
                 13  0.9475630E-02 -0.5697974E+04  0.1062829E+02  0.1020453E-01 -0.5275848E+04  0.1179848E+02
                 15  0.1093342E-01 -0.4910043E+04  0.1296718E+02  0.1166231E-01 -0.4590007E+04  0.1412814E+02
                 17  0.1239121E-01 -0.4307663E+04  0.1527617E+02  0.1312010E-01 -0.4056737E+04  0.1640613E+02
                 19  0.1384900E-01 -0.3832266E+04  0.1751381E+02  0.1457789E-01 -0.3630287E+04  0.1859556E+02
                 21  0.1530679E-01 -0.3447587E+04  0.1964823E+02  0.1603568E-01 -0.3281542E+04  0.2066912E+02
                 23  0.1676458E-01 -0.3129976E+04  0.2165595E+02  0.1749347E-01 -0.2991085E+04  0.2260682E+02
                 25  0.1822237E-01 -0.2863344E+04  0.2352031E+02  0.1895126E-01 -0.2745472E+04  0.2439521E+02
                 27  0.1968016E-01 -0.2636370E+04  0.2523052E+02  0.2040905E-01 -0.2535101E+04  0.2602560E+02
                 29  0.2113794E-01 -0.2440852E+04  0.2678012E+02  0.2186684E-01 -0.2352924E+04  0.2749384E+02
                 31  0.2259573E-01 -0.2270703E+04  0.2816679E+02  0.2332463E-01 -0.2193658E+04  0.2879923E+02
                 33  0.2405352E-01 -0.2121314E+04  0.2939125E+02  0.2478242E-01 -0.2053260E+04  0.2994378E+02
                 35  0.2551131E-01 -0.1989124E+04  0.3045683E+02  0.2624021E-01 -0.1928584E+04  0.3093158E+02
                 37  0.2696910E-01 -0.1871345E+04  0.3136874E+02  0.2769800E-01 -0.1817149E+04  0.3176893E+02
                 39  0.2842689E-01 -0.1765758E+04  0.3213367E+02  0.2915579E-01 -0.1716966E+04  0.3246316E+02
                 41  0.3061358E-01 -0.1626426E+04  0.3302264E+02  0.3207136E-01 -0.1544214E+04  0.3345645E+02
                 43  0.3352915E-01 -0.1469240E+04  0.3377424E+02  0.3498694E-01 -0.1400599E+04  0.3398548E+02
                 45  0.3644473E-01 -0.1337528E+04  0.3409911E+02  0.3790252E-01 -0.1279384E+04  0.3412565E+02
                 47  0.3936031E-01 -0.1225616E+04  0.3407508E+02  0.4081810E-01 -0.1175755E+04  0.3395742E+02
                 49  0.4227589E-01 -0.1129395E+04  0.3377834E+02  0.4373368E-01 -0.1086184E+04  0.3354852E+02
                 51  0.4519147E-01 -0.1045817E+04  0.3327764E+02  0.4664926E-01 -0.1008024E+04  0.3296954E+02
                 53  0.4810705E-01 -0.9725717E+03  0.3263359E+02  0.4956484E-01 -0.9392523E+03  0.3227776E+02
                 55  0.5102263E-01 -0.9078812E+03  0.3190386E+02  0.5248041E-01 -0.8782964E+03  0.3152279E+02
                 57  0.5393820E-01 -0.8503509E+03  0.3113462E+02  0.5539599E-01 -0.8239158E+03  0.3074811E+02
                 59  0.5685378E-01 -0.7988734E+03  0.3036480E+02  0.5831157E-01 -0.7751192E+03  0.2999017E+02
                 61  0.5976936E-01 -0.7525581E+03  0.2962627E+02  0.6122715E-01 -0.7311047E+03  0.2927726E+02
                 63  0.6268494E-01 -0.7106809E+03  0.2894428E+02  0.6414273E-01 -0.6912166E+03  0.2863140E+02
                 65  0.6560052E-01 -0.6726468E+03  0.2833809E+02  0.6705831E-01 -0.6549134E+03  0.2806855E+02
                 67  0.6851610E-01 -0.6379622E+03  0.2782155E+02  0.6997389E-01 -0.6217443E+03  0.2759997E+02
                 69  0.7143168E-01 -0.6062144E+03  0.2740370E+02  0.7288946E-01 -0.5913309E+03  0.2723328E+02
                 71  0.7434725E-01 -0.5770555E+03  0.2708919E+02  0.7580504E-01 -0.5633527E+03  0.2697173E+02
                 73  0.7726283E-01 -0.5501899E+03  0.2688008E+02  0.7872062E-01 -0.5375368E+03  0.2681500E+02
                 75  0.8017841E-01 -0.5253653E+03  0.2677563E+02  0.8163620E-01 -0.5136490E+03  0.2676060E+02
                 77  0.8309399E-01 -0.5023642E+03  0.2677167E+02  0.8455178E-01 -0.4914878E+03  0.2680590E+02
                 79  0.8600957E-01 -0.4809987E+03  0.2686214E+02  0.8746736E-01 -0.4708779E+03  0.2694307E+02
                 81  0.9038294E-01 -0.4516665E+03  0.2716390E+02  0.9329851E-01 -0.4337211E+03  0.2746518E+02
                 83  0.9621409E-01 -0.4169237E+03  0.2783305E+02  0.9912967E-01 -0.4011709E+03  0.2826082E+02
                 85  0.1020453E+00 -0.3863719E+03  0.2874116E+02  0.1049608E+00 -0.3724442E+03  0.2925958E+02
                 87  0.1078764E+00 -0.3593171E+03  0.2981611E+02  0.1107920E+00 -0.3469242E+03  0.3039133E+02
                 89  0.1137076E+00 -0.3352095E+03  0.3098975E+02  0.1166231E+00 -0.3241192E+03  0.3159092E+02
                 91  0.1195387E+00 -0.3136080E+03  0.3219970E+02  0.1224543E+00 -0.3036321E+03  0.3279772E+02
                 93  0.1253699E+00 -0.2941549E+03  0.3339129E+02  0.1282855E+00 -0.2851402E+03  0.3396314E+02
                 95  0.1312010E+00 -0.2765577E+03  0.3451852E+02  0.1341166E+00 -0.2683775E+03  0.3504502E+02
                 97  0.1370322E+00 -0.2605741E+03  0.3554434E+02  0.1399478E+00 -0.2531232E+03  0.3601049E+02
                 99  0.1428634E+00 -0.2460025E+03  0.3644063E+02  0.1457789E+00 -0.2391923E+03  0.3683510E+02
                101  0.1486945E+00 -0.2326733E+03  0.3718866E+02  0.1516101E+00 -0.2264287E+03  0.3750239E+02
                103  0.1545257E+00 -0.2204424E+03  0.3777431E+02  0.1574412E+00 -0.2146998E+03  0.3800363E+02
                105  0.1603568E+00 -0.2091870E+03  0.3819002E+02  0.1632724E+00 -0.2038917E+03  0.3833442E+02
                107  0.1661880E+00 -0.1988018E+03  0.3843587E+02  0.1691036E+00 -0.1939065E+03  0.3849471E+02
                109  0.1720191E+00 -0.1891955E+03  0.3851405E+02  0.1749347E+00 -0.1846595E+03  0.3849175E+02
                111  0.1778503E+00 -0.1802890E+03  0.3842954E+02  0.1807659E+00 -0.1760765E+03  0.3833189E+02
                113  0.1836815E+00 -0.1720134E+03  0.3819623E+02  0.1865970E+00 -0.1680927E+03  0.3802369E+02
                115  0.1895126E+00 -0.1643076E+03  0.3782098E+02  0.1924282E+00 -0.1606519E+03  0.3758682E+02
                117  0.1953438E+00 -0.1571185E+03  0.3731736E+02  0.1982593E+00 -0.1537031E+03  0.3702377E+02
                119  0.2011749E+00 -0.1503994E+03  0.3670606E+02  0.2040905E+00 -0.1472024E+03  0.3635746E+02
                121  0.2099217E+00 -0.1411104E+03  0.3560114E+02  0.2157528E+00 -0.1353916E+03  0.3476430E+02
                123  0.2215840E+00 -0.1300153E+03  0.3387082E+02  0.2274151E+00 -0.1249525E+03  0.3292136E+02
                125  0.2332463E+00 -0.1201791E+03  0.3194402E+02  0.2390774E+00 -0.1156712E+03  0.3093515E+02
                127  0.2449086E+00 -0.1114096E+03  0.2992173E+02  0.2507398E+00 -0.1073748E+03  0.2889991E+02
                129  0.2565709E+00 -0.1035510E+03  0.2789104E+02  0.2624021E+00 -0.9992260E+02  0.2689487E+02
                131  0.2682332E+00 -0.9647601E+02  0.2592356E+02  0.2740644E+00 -0.9319903E+02  0.2498328E+02
                133  0.2798955E+00 -0.9007970E+02  0.2407529E+02  0.2857267E+00 -0.8710857E+02  0.2321128E+02
                135  0.2915579E+00 -0.8427518E+02  0.2238702E+02  0.2973890E+00 -0.8157176E+02  0.2161159E+02
                137  0.3032202E+00 -0.7898982E+02  0.2088524E+02  0.3090513E+00 -0.7652239E+02  0.2020859E+02
                139  0.3148825E+00 -0.7416242E+02  0.1958374E+02  0.3207136E+00 -0.7190421E+02  0.1901178E+02
                141  0.3265448E+00 -0.6974139E+02  0.1849080E+02  0.3323760E+00 -0.6766911E+02  0.1802010E+02
                143  0.3382071E+00 -0.6568233E+02  0.1760364E+02  0.3440383E+00 -0.6377640E+02  0.1723372E+02
                145  0.3498694E+00 -0.6194655E+02  0.1690979E+02  0.3557006E+00 -0.6019005E+02  0.1663839E+02
                147  0.3615317E+00 -0.5850158E+02  0.1640677E+02  0.3673629E+00 -0.5687835E+02  0.1621481E+02
                149  0.3731941E+00 -0.5531738E+02  0.1607056E+02  0.3790252E+00 -0.5381503E+02  0.1595951E+02
                151  0.3848564E+00 -0.5236785E+02  0.1588055E+02  0.3906875E+00 -0.5097459E+02  0.1584114E+02
                153  0.3965187E+00 -0.4963123E+02  0.1583059E+02  0.4023498E+00 -0.4833579E+02  0.1584403E+02
                155  0.4081810E+00 -0.4708579E+02  0.1588508E+02  0.4140122E+00 -0.4588001E+02  0.1595455E+02
                157  0.4198433E+00 -0.4471481E+02  0.1604003E+02  0.4256745E+00 -0.4358922E+02  0.1614154E+02
                159  0.4315056E+00 -0.4250147E+02  0.1626690E+02  0.4373368E+00 -0.4144992E+02  0.1640540E+02
                161  0.4489991E+00 -0.3944711E+02  0.1670856E+02  0.4606614E+00 -0.3757080E+02  0.1705881E+02
                163  0.4723237E+00 -0.3580882E+02  0.1741966E+02  0.4839860E+00 -0.3415349E+02  0.1780110E+02
                165  0.4956484E+00 -0.3259516E+02  0.1817265E+02  0.5073107E+00 -0.3112757E+02  0.1854259E+02
                167  0.5189730E+00 -0.2974328E+02  0.1888947E+02  0.5306353E+00 -0.2843683E+02  0.1921719E+02
                169  0.5422976E+00 -0.2720264E+02  0.1951453E+02  0.5539599E+00 -0.2603574E+02  0.1978030E+02
                171  0.5656222E+00 -0.2493197E+02  0.2001190E+02  0.5772846E+00 -0.2388686E+02  0.2020579E+02
                173  0.5889469E+00 -0.2289709E+02  0.2036217E+02  0.6006092E+00 -0.2195886E+02  0.2048050E+02
                175  0.6122715E+00 -0.2106930E+02  0.2055934E+02  0.6239338E+00 -0.2022514E+02  0.2060066E+02
                177  0.6355961E+00 -0.1942418E+02  0.2060665E+02  0.6472584E+00 -0.1866312E+02  0.2057342E+02
                179  0.6589208E+00 -0.1794045E+02  0.2050840E+02  0.6705831E+00 -0.1725338E+02  0.2041266E+02
                181  0.6822454E+00 -0.1660007E+02  0.2028091E+02  0.6939077E+00 -0.1597848E+02  0.2012458E+02
                183  0.7055700E+00 -0.1538731E+02  0.1994295E+02  0.7172323E+00 -0.1482388E+02  0.1973128E+02
                185  0.7288946E+00 -0.1428778E+02  0.1950137E+02  0.7405570E+00 -0.1377673E+02  0.1925324E+02
                187  0.7522193E+00 -0.1328961E+02  0.1898004E+02  0.7638816E+00 -0.1282493E+02  0.1869452E+02
                189  0.7755439E+00 -0.1238213E+02  0.1839692E+02  0.7872062E+00 -0.1195892E+02  0.1808186E+02
                191  0.7988685E+00 -0.1155532E+02  0.1775737E+02  0.8105308E+00 -0.1116957E+02  0.1742630E+02
                193  0.8221932E+00 -0.1080133E+02  0.1708638E+02  0.8338555E+00 -0.1044879E+02  0.1673752E+02
                195  0.8455178E+00 -0.1011222E+02  0.1638667E+02  0.8571801E+00 -0.9789897E+01  0.1603384E+02
                197  0.8688424E+00 -0.9481681E+01  0.1567517E+02  0.8805047E+00 -0.9186175E+01  0.1531588E+02
                199  0.8921670E+00 -0.8903685E+01  0.1495821E+02  0.9038294E+00 -0.8632603E+01  0.1460214E+02
                201  0.9271540E+00 -0.8123729E+01  0.1388974E+02  0.9504786E+00 -0.7655624E+01  0.1319366E+02
                203  0.9738032E+00 -0.7223991E+01  0.1251074E+02  0.9971279E+00 -0.6825647E+01  0.1185098E+02
                205  0.1020453E+01 -0.6457270E+01  0.1121261E+02  0.1043777E+01 -0.6116192E+01  0.1060060E+02
                207  0.1067102E+01 -0.5799905E+01  0.1001492E+02  0.1090426E+01 -0.5506128E+01  0.9456655E+01
                209  0.1113751E+01 -0.5232963E+01  0.8926553E+01  0.1137076E+01 -0.4978516E+01  0.8424245E+01
                211  0.1160400E+01 -0.4741226E+01  0.7948868E+01  0.1183725E+01 -0.4519703E+01  0.7502043E+01
                213  0.1207050E+01 -0.4312546E+01  0.7080183E+01  0.1230374E+01 -0.4118613E+01  0.6684384E+01
                215  0.1253699E+01 -0.3936942E+01  0.6313423E+01  0.1277023E+01 -0.3766313E+01  0.5964392E+01
                217  0.1300348E+01 -0.3606251E+01  0.5639649E+01  0.1323673E+01 -0.3455611E+01  0.5335150E+01
                219  0.1346997E+01 -0.3313778E+01  0.5049408E+01  0.1370322E+01 -0.3180301E+01  0.4785336E+01
                221  0.1393647E+01 -0.3054364E+01  0.4537444E+01  0.1416971E+01 -0.2935309E+01  0.4305131E+01
                223  0.1440296E+01 -0.2823161E+01  0.4091387E+01  0.1463620E+01 -0.2716900E+01  0.3890676E+01
                225  0.1486945E+01 -0.2616317E+01  0.3702570E+01  0.1510270E+01 -0.2521203E+01  0.3529673E+01
                227  0.1533594E+01 -0.2431049E+01  0.3367700E+01  0.1556919E+01 -0.2345340E+01  0.3215686E+01
                229  0.1580244E+01 -0.2264207E+01  0.3075329E+01  0.1603568E+01 -0.2187090E+01  0.2944843E+01
                231  0.1626893E+01 -0.2113760E+01  0.2822054E+01  0.1650217E+01 -0.2043881E+01  0.2707175E+01
                233  0.1673542E+01 -0.1977706E+01  0.2602113E+01  0.1696867E+01 -0.1914459E+01  0.2502879E+01
                235  0.1720191E+01 -0.1854203E+01  0.2409476E+01  0.1743516E+01 -0.1796747E+01  0.2323012E+01
                237  0.1766841E+01 -0.1742096E+01  0.2242714E+01  0.1790165E+01 -0.1689726E+01  0.2166748E+01
                239  0.1813490E+01 -0.1639744E+01  0.2095114E+01  0.1836815E+01 -0.1592008E+01  0.2029056E+01
                241  0.1883464E+01 -0.1502716E+01  0.1908325E+01  0.1930113E+01 -0.1420829E+01  0.1801248E+01
                243  0.1976762E+01 -0.1345691E+01  0.1706689E+01  0.2023412E+01 -0.1276452E+01  0.1621780E+01
                245  0.2070061E+01 -0.1212714E+01  0.1546484E+01  0.2116710E+01 -0.1153671E+01  0.1477644E+01
                247  0.2163359E+01 -0.1099188E+01  0.1416541E+01  0.2210009E+01 -0.1048520E+01  0.1359988E+01
                249  0.2256658E+01 -0.1001527E+01  0.1308789E+01  0.2303307E+01 -0.9577516E+00  0.1261401E+01
                251  0.2349956E+01 -0.9169249E+00  0.1217440E+01  0.2396606E+01 -0.8788682E+00  0.1176956E+01
                253  0.2443255E+01 -0.8432183E+00  0.1138715E+01  0.2489904E+01 -0.8098931E+00  0.1103151E+01
                255  0.2536553E+01 -0.7786301E+00  0.1069545E+01  0.2583203E+01 -0.7492607E+00  0.1037562E+01
                257  0.2629852E+01 -0.7217109E+00  0.1007584E+01  0.2676501E+01 -0.6957727E+00  0.9788569E+00
                259  0.2723150E+01 -0.6713293E+00  0.9513963E+00  0.2769800E+01 -0.6483383E+00  0.9253666E+00
                261  0.2816449E+01 -0.6266206E+00  0.9003166E+00  0.2863098E+01 -0.6061314E+00  0.8762846E+00
                263  0.2909747E+01 -0.5867906E+00  0.8533772E+00  0.2956397E+01 -0.5685178E+00  0.8313202E+00
                265  0.3003046E+01 -0.5512249E+00  0.8101312E+00  0.3049695E+01 -0.5349074E+00  0.7899093E+00
                267  0.3096344E+01 -0.5194528E+00  0.7704953E+00  0.3142994E+01 -0.5048490E+00  0.7518755E+00
                269  0.3189643E+01 -0.4910294E+00  0.7341377E+00  0.3236292E+01 -0.4779806E+00  0.7172023E+00
                271  0.3282941E+01 -0.4656262E+00  0.7010764E+00  0.3329591E+01 -0.4539750E+00  0.6857626E+00
                273  0.3376240E+01 -0.4429620E+00  0.6713167E+00  0.3422889E+01 -0.4325921E+00  0.6576754E+00
                275  0.3469539E+01 -0.4228003E+00  0.6448836E+00  0.0000000E+00  0.0000000E+00  0.0000000E+00



       5   h=    0.0007   change points:  40  80 120 160 200 240 400 400 400 400   kplace= 272   exchange=0.709000

                           r           real(v)          rho             r           real(v)          rho
                  1  0.7288946E-03 -0.7662169E+05  0.1142698E+00  0.1457789E-02 -0.3820623E+05  0.4261544E+00
                  3  0.2186684E-02 -0.2540062E+05  0.9048988E+00  0.2915579E-02 -0.1899757E+05  0.1525773E+01
                  5  0.3644473E-02 -0.1515559E+05  0.2267299E+01  0.4373368E-02 -0.1259418E+05  0.3110461E+01
                  7  0.5102263E-02 -0.1076456E+05  0.4038241E+01  0.5831157E-02 -0.9392315E+04  0.5035365E+01
                  9  0.6560052E-02 -0.8325012E+04  0.6088220E+01  0.7288946E-02 -0.7471182E+04  0.7184410E+01
                 11  0.8017841E-02 -0.6772612E+04  0.8312935E+01  0.8746736E-02 -0.6190500E+04  0.9463847E+01
                 13  0.9475630E-02 -0.5697974E+04  0.1062829E+02  0.1020453E-01 -0.5275848E+04  0.1179848E+02
                 15  0.1093342E-01 -0.4910043E+04  0.1296718E+02  0.1166231E-01 -0.4590007E+04  0.1412814E+02
                 17  0.1239121E-01 -0.4307663E+04  0.1527617E+02  0.1312010E-01 -0.4056737E+04  0.1640613E+02
                 19  0.1384900E-01 -0.3832266E+04  0.1751381E+02  0.1457789E-01 -0.3630287E+04  0.1859556E+02
                 21  0.1530679E-01 -0.3447588E+04  0.1964823E+02  0.1603568E-01 -0.3281542E+04  0.2066912E+02
                 23  0.1676458E-01 -0.3129976E+04  0.2165595E+02  0.1749347E-01 -0.2991085E+04  0.2260682E+02
                 25  0.1822237E-01 -0.2863344E+04  0.2352031E+02  0.1895126E-01 -0.2745472E+04  0.2439521E+02
                 27  0.1968016E-01 -0.2636370E+04  0.2523052E+02  0.2040905E-01 -0.2535101E+04  0.2602560E+02
                 29  0.2113794E-01 -0.2440852E+04  0.2678012E+02  0.2186684E-01 -0.2352924E+04  0.2749384E+02
                 31  0.2259573E-01 -0.2270703E+04  0.2816679E+02  0.2332463E-01 -0.2193658E+04  0.2879923E+02
                 33  0.2405352E-01 -0.2121314E+04  0.2939125E+02  0.2478242E-01 -0.2053260E+04  0.2994378E+02
                 35  0.2551131E-01 -0.1989124E+04  0.3045683E+02  0.2624021E-01 -0.1928584E+04  0.3093158E+02
                 37  0.2696910E-01 -0.1871345E+04  0.3136874E+02  0.2769800E-01 -0.1817149E+04  0.3176893E+02
                 39  0.2842689E-01 -0.1765758E+04  0.3213367E+02  0.2915579E-01 -0.1716966E+04  0.3246316E+02
                 41  0.3061358E-01 -0.1626426E+04  0.3302264E+02  0.3207136E-01 -0.1544214E+04  0.3345645E+02
                 43  0.3352915E-01 -0.1469240E+04  0.3377424E+02  0.3498694E-01 -0.1400599E+04  0.3398548E+02
                 45  0.3644473E-01 -0.1337528E+04  0.3409911E+02  0.3790252E-01 -0.1279384E+04  0.3412565E+02
                 47  0.3936031E-01 -0.1225616E+04  0.3407508E+02  0.4081810E-01 -0.1175756E+04  0.3395742E+02
                 49  0.4227589E-01 -0.1129395E+04  0.3377834E+02  0.4373368E-01 -0.1086184E+04  0.3354852E+02
                 51  0.4519147E-01 -0.1045817E+04  0.3327764E+02  0.4664926E-01 -0.1008024E+04  0.3296954E+02
                 53  0.4810705E-01 -0.9725717E+03  0.3263359E+02  0.4956484E-01 -0.9392524E+03  0.3227776E+02
                 55  0.5102263E-01 -0.9078813E+03  0.3190386E+02  0.5248041E-01 -0.8782964E+03  0.3152279E+02
                 57  0.5393820E-01 -0.8503510E+03  0.3113462E+02  0.5539599E-01 -0.8239158E+03  0.3074811E+02
                 59  0.5685378E-01 -0.7988735E+03  0.3036480E+02  0.5831157E-01 -0.7751193E+03  0.2999017E+02
                 61  0.5976936E-01 -0.7525582E+03  0.2962627E+02  0.6122715E-01 -0.7311048E+03  0.2927726E+02
                 63  0.6268494E-01 -0.7106810E+03  0.2894428E+02  0.6414273E-01 -0.6912166E+03  0.2863140E+02
                 65  0.6560052E-01 -0.6726468E+03  0.2833809E+02  0.6705831E-01 -0.6549134E+03  0.2806855E+02
                 67  0.6851610E-01 -0.6379622E+03  0.2782155E+02  0.6997389E-01 -0.6217444E+03  0.2759997E+02
                 69  0.7143168E-01 -0.6062145E+03  0.2740370E+02  0.7288946E-01 -0.5913309E+03  0.2723328E+02
                 71  0.7434725E-01 -0.5770555E+03  0.2708919E+02  0.7580504E-01 -0.5633528E+03  0.2697173E+02
                 73  0.7726283E-01 -0.5501900E+03  0.2688008E+02  0.7872062E-01 -0.5375368E+03  0.2681500E+02
                 75  0.8017841E-01 -0.5253653E+03  0.2677563E+02  0.8163620E-01 -0.5136491E+03  0.2676060E+02
                 77  0.8309399E-01 -0.5023643E+03  0.2677167E+02  0.8455178E-01 -0.4914879E+03  0.2680590E+02
                 79  0.8600957E-01 -0.4809988E+03  0.2686214E+02  0.8746736E-01 -0.4708779E+03  0.2694307E+02
                 81  0.9038294E-01 -0.4516666E+03  0.2716390E+02  0.9329851E-01 -0.4337212E+03  0.2746518E+02
                 83  0.9621409E-01 -0.4169237E+03  0.2783305E+02  0.9912967E-01 -0.4011710E+03  0.2826082E+02
                 85  0.1020453E+00 -0.3863719E+03  0.2874116E+02  0.1049608E+00 -0.3724443E+03  0.2925958E+02
                 87  0.1078764E+00 -0.3593172E+03  0.2981611E+02  0.1107920E+00 -0.3469243E+03  0.3039133E+02
                 89  0.1137076E+00 -0.3352096E+03  0.3098975E+02  0.1166231E+00 -0.3241192E+03  0.3159092E+02
                 91  0.1195387E+00 -0.3136080E+03  0.3219970E+02  0.1224543E+00 -0.3036322E+03  0.3279772E+02
                 93  0.1253699E+00 -0.2941550E+03  0.3339129E+02  0.1282855E+00 -0.2851403E+03  0.3396314E+02
                 95  0.1312010E+00 -0.2765577E+03  0.3451852E+02  0.1341166E+00 -0.2683776E+03  0.3504502E+02
                 97  0.1370322E+00 -0.2605742E+03  0.3554434E+02  0.1399478E+00 -0.2531233E+03  0.3601049E+02
                 99  0.1428634E+00 -0.2460026E+03  0.3644063E+02  0.1457789E+00 -0.2391924E+03  0.3683510E+02
                101  0.1486945E+00 -0.2326733E+03  0.3718866E+02  0.1516101E+00 -0.2264288E+03  0.3750239E+02
                103  0.1545257E+00 -0.2204424E+03  0.3777431E+02  0.1574412E+00 -0.2146998E+03  0.3800363E+02
                105  0.1603568E+00 -0.2091870E+03  0.3819002E+02  0.1632724E+00 -0.2038918E+03  0.3833442E+02
                107  0.1661880E+00 -0.1988018E+03  0.3843587E+02  0.1691036E+00 -0.1939066E+03  0.3849471E+02
                109  0.1720191E+00 -0.1891956E+03  0.3851405E+02  0.1749347E+00 -0.1846595E+03  0.3849175E+02
                111  0.1778503E+00 -0.1802890E+03  0.3842954E+02  0.1807659E+00 -0.1760765E+03  0.3833189E+02
                113  0.1836815E+00 -0.1720134E+03  0.3819623E+02  0.1865970E+00 -0.1680928E+03  0.3802369E+02
                115  0.1895126E+00 -0.1643077E+03  0.3782098E+02  0.1924282E+00 -0.1606520E+03  0.3758682E+02
                117  0.1953438E+00 -0.1571186E+03  0.3731736E+02  0.1982593E+00 -0.1537031E+03  0.3702377E+02
                119  0.2011749E+00 -0.1503995E+03  0.3670606E+02  0.2040905E+00 -0.1472025E+03  0.3635746E+02
                121  0.2099217E+00 -0.1411105E+03  0.3560114E+02  0.2157528E+00 -0.1353917E+03  0.3476430E+02
                123  0.2215840E+00 -0.1300154E+03  0.3387082E+02  0.2274151E+00 -0.1249526E+03  0.3292136E+02
                125  0.2332463E+00 -0.1201791E+03  0.3194402E+02  0.2390774E+00 -0.1156712E+03  0.3093515E+02
                127  0.2449086E+00 -0.1114096E+03  0.2992173E+02  0.2507398E+00 -0.1073749E+03  0.2889991E+02
                129  0.2565709E+00 -0.1035511E+03  0.2789104E+02  0.2624021E+00 -0.9992265E+02  0.2689487E+02
                131  0.2682332E+00 -0.9647607E+02  0.2592356E+02  0.2740644E+00 -0.9319909E+02  0.2498328E+02
                133  0.2798955E+00 -0.9007976E+02  0.2407529E+02  0.2857267E+00 -0.8710862E+02  0.2321128E+02
                135  0.2915579E+00 -0.8427524E+02  0.2238702E+02  0.2973890E+00 -0.8157182E+02  0.2161159E+02
                137  0.3032202E+00 -0.7898988E+02  0.2088524E+02  0.3090513E+00 -0.7652245E+02  0.2020859E+02
                139  0.3148825E+00 -0.7416248E+02  0.1958374E+02  0.3207136E+00 -0.7190427E+02  0.1901178E+02
                141  0.3265448E+00 -0.6974145E+02  0.1849080E+02  0.3323760E+00 -0.6766916E+02  0.1802010E+02
                143  0.3382071E+00 -0.6568239E+02  0.1760364E+02  0.3440383E+00 -0.6377646E+02  0.1723372E+02
                145  0.3498694E+00 -0.6194660E+02  0.1690979E+02  0.3557006E+00 -0.6019011E+02  0.1663839E+02
                147  0.3615317E+00 -0.5850163E+02  0.1640677E+02  0.3673629E+00 -0.5687841E+02  0.1621481E+02
                149  0.3731941E+00 -0.5531744E+02  0.1607056E+02  0.3790252E+00 -0.5381509E+02  0.1595951E+02
                151  0.3848564E+00 -0.5236790E+02  0.1588055E+02  0.3906875E+00 -0.5097465E+02  0.1584114E+02
                153  0.3965187E+00 -0.4963129E+02  0.1583059E+02  0.4023498E+00 -0.4833585E+02  0.1584403E+02
                155  0.4081810E+00 -0.4708584E+02  0.1588508E+02  0.4140122E+00 -0.4588007E+02  0.1595455E+02
                157  0.4198433E+00 -0.4471487E+02  0.1604003E+02  0.4256745E+00 -0.4358927E+02  0.1614154E+02
                159  0.4315056E+00 -0.4250153E+02  0.1626690E+02  0.4373368E+00 -0.4144998E+02  0.1640540E+02
                161  0.4489991E+00 -0.3944717E+02  0.1670856E+02  0.4606614E+00 -0.3757086E+02  0.1705881E+02
                163  0.4723237E+00 -0.3580888E+02  0.1741966E+02  0.4839860E+00 -0.3415355E+02  0.1780110E+02
                165  0.4956484E+00 -0.3259522E+02  0.1817265E+02  0.5073107E+00 -0.3112763E+02  0.1854259E+02
                167  0.5189730E+00 -0.2974334E+02  0.1888947E+02  0.5306353E+00 -0.2843689E+02  0.1921719E+02
                169  0.5422976E+00 -0.2720270E+02  0.1951453E+02  0.5539599E+00 -0.2603579E+02  0.1978030E+02
                171  0.5656222E+00 -0.2493203E+02  0.2001190E+02  0.5772846E+00 -0.2388691E+02  0.2020579E+02
                173  0.5889469E+00 -0.2289715E+02  0.2036217E+02  0.6006092E+00 -0.2195891E+02  0.2048050E+02
                175  0.6122715E+00 -0.2106936E+02  0.2055934E+02  0.6239338E+00 -0.2022520E+02  0.2060066E+02
                177  0.6355961E+00 -0.1942424E+02  0.2060665E+02  0.6472584E+00 -0.1866318E+02  0.2057342E+02
                179  0.6589208E+00 -0.1794051E+02  0.2050840E+02  0.6705831E+00 -0.1725344E+02  0.2041266E+02
                181  0.6822454E+00 -0.1660012E+02  0.2028091E+02  0.6939077E+00 -0.1597854E+02  0.2012458E+02
                183  0.7055700E+00 -0.1538737E+02  0.1994295E+02  0.7172323E+00 -0.1482394E+02  0.1973128E+02
                185  0.7288946E+00 -0.1428784E+02  0.1950137E+02  0.7405570E+00 -0.1377679E+02  0.1925324E+02
                187  0.7522193E+00 -0.1328967E+02  0.1898004E+02  0.7638816E+00 -0.1282499E+02  0.1869452E+02
                189  0.7755439E+00 -0.1238219E+02  0.1839692E+02  0.7872062E+00 -0.1195898E+02  0.1808186E+02
                191  0.7988685E+00 -0.1155538E+02  0.1775737E+02  0.8105308E+00 -0.1116963E+02  0.1742630E+02
                193  0.8221932E+00 -0.1080139E+02  0.1708638E+02  0.8338555E+00 -0.1044884E+02  0.1673752E+02
                195  0.8455178E+00 -0.1011228E+02  0.1638667E+02  0.8571801E+00 -0.9789955E+01  0.1603384E+02
                197  0.8688424E+00 -0.9481738E+01  0.1567517E+02  0.8805047E+00 -0.9186232E+01  0.1531588E+02
                199  0.8921670E+00 -0.8903743E+01  0.1495821E+02  0.9038294E+00 -0.8632660E+01  0.1460214E+02
                201  0.9271540E+00 -0.8123786E+01  0.1388974E+02  0.9504786E+00 -0.7655681E+01  0.1319366E+02
                203  0.9738032E+00 -0.7224048E+01  0.1251074E+02  0.9971279E+00 -0.6825705E+01  0.1185098E+02
                205  0.1020453E+01 -0.6457328E+01  0.1121261E+02  0.1043777E+01 -0.6116250E+01  0.1060060E+02
                207  0.1067102E+01 -0.5799963E+01  0.1001492E+02  0.1090426E+01 -0.5506185E+01  0.9456655E+01
                209  0.1113751E+01 -0.5233021E+01  0.8926553E+01  0.1137076E+01 -0.4978573E+01  0.8424245E+01
                211  0.1160400E+01 -0.4741284E+01  0.7948868E+01  0.1183725E+01 -0.4519760E+01  0.7502043E+01
                213  0.1207050E+01 -0.4312603E+01  0.7080183E+01  0.1230374E+01 -0.4118670E+01  0.6684384E+01
                215  0.1253699E+01 -0.3936999E+01  0.6313422E+01  0.1277023E+01 -0.3766371E+01  0.5964391E+01
                217  0.1300348E+01 -0.3606308E+01  0.5639649E+01  0.1323673E+01 -0.3455668E+01  0.5335150E+01
                219  0.1346997E+01 -0.3313836E+01  0.5049408E+01  0.1370322E+01 -0.3180358E+01  0.4785336E+01
                221  0.1393647E+01 -0.3054421E+01  0.4537444E+01  0.1416971E+01 -0.2935366E+01  0.4305131E+01
                223  0.1440296E+01 -0.2823218E+01  0.4091387E+01  0.1463620E+01 -0.2716958E+01  0.3890676E+01
                225  0.1486945E+01 -0.2616375E+01  0.3702570E+01  0.1510270E+01 -0.2521260E+01  0.3529673E+01
                227  0.1533594E+01 -0.2431107E+01  0.3367700E+01  0.1556919E+01 -0.2345398E+01  0.3215685E+01
                229  0.1580244E+01 -0.2264265E+01  0.3075328E+01  0.1603568E+01 -0.2187148E+01  0.2944842E+01
                231  0.1626893E+01 -0.2113818E+01  0.2822053E+01  0.1650217E+01 -0.2043939E+01  0.2707175E+01
                233  0.1673542E+01 -0.1977764E+01  0.2602112E+01  0.1696867E+01 -0.1914517E+01  0.2502879E+01
                235  0.1720191E+01 -0.1854260E+01  0.2409475E+01  0.1743516E+01 -0.1796804E+01  0.2323012E+01
                237  0.1766841E+01 -0.1742154E+01  0.2242714E+01  0.1790165E+01 -0.1689783E+01  0.2166747E+01
                239  0.1813490E+01 -0.1639802E+01  0.2095113E+01  0.1836815E+01 -0.1592066E+01  0.2029056E+01
                241  0.1883464E+01 -0.1502774E+01  0.1908325E+01  0.1930113E+01 -0.1420886E+01  0.1801248E+01
                243  0.1976762E+01 -0.1345749E+01  0.1706689E+01  0.2023412E+01 -0.1276510E+01  0.1621780E+01
                245  0.2070061E+01 -0.1212772E+01  0.1546484E+01  0.2116710E+01 -0.1153728E+01  0.1477643E+01
                247  0.2163359E+01 -0.1099245E+01  0.1416540E+01  0.2210009E+01 -0.1048577E+01  0.1359987E+01
                249  0.2256658E+01 -0.1001585E+01  0.1308789E+01  0.2303307E+01 -0.9578090E+00  0.1261400E+01
                251  0.2349956E+01 -0.9169823E+00  0.1217439E+01  0.2396606E+01 -0.8789255E+00  0.1176955E+01
                253  0.2443255E+01 -0.8432757E+00  0.1138713E+01  0.2489904E+01 -0.8099504E+00  0.1103149E+01
                255  0.2536553E+01 -0.7786874E+00  0.1069544E+01  0.2583203E+01 -0.7493179E+00  0.1037560E+01
                257  0.2629852E+01 -0.7217681E+00  0.1007582E+01  0.2676501E+01 -0.6958298E+00  0.9788551E+00
                259  0.2723150E+01 -0.6713865E+00  0.9513943E+00  0.2769800E+01 -0.6483953E+00  0.9253645E+00
                261  0.2816449E+01 -0.6266776E+00  0.9003143E+00  0.2863098E+01 -0.6061884E+00  0.8762822E+00
                263  0.2909747E+01 -0.5868475E+00  0.8533746E+00  0.2956397E+01 -0.5685746E+00  0.8313173E+00
                265  0.3003046E+01 -0.5512817E+00  0.8101281E+00  0.3049695E+01 -0.5349641E+00  0.7899059E+00
                267  0.3096344E+01 -0.5195095E+00  0.7704916E+00  0.3142994E+01 -0.5049055E+00  0.7518715E+00
                269  0.3189643E+01 -0.4910859E+00  0.7341334E+00  0.3236292E+01 -0.4780370E+00  0.7171977E+00
                271  0.3282941E+01 -0.4656825E+00  0.7010715E+00  0.3329591E+01 -0.4540312E+00  0.6857572E+00
                273  0.3376240E+01 -0.4430181E+00  0.6713109E+00  0.3422889E+01 -0.4326480E+00  0.6576691E+00
                275  0.3469539E+01 -0.4228562E+00  0.6448768E+00  0.0000000E+00  0.0000000E+00  0.0000000E+00



       6   h=    0.0007   change points:  40  80 120 160 200 240 400 400 400 400   kplace= 272   exchange=0.709000

                           r           real(v)          rho             r           real(v)          rho
                  1  0.7288946E-03 -0.7662169E+05  0.1142698E+00  0.1457789E-02 -0.3820623E+05  0.4261544E+00
                  3  0.2186684E-02 -0.2540062E+05  0.9048988E+00  0.2915579E-02 -0.1899757E+05  0.1525773E+01
                  5  0.3644473E-02 -0.1515559E+05  0.2267299E+01  0.4373368E-02 -0.1259418E+05  0.3110461E+01
                  7  0.5102263E-02 -0.1076456E+05  0.4038241E+01  0.5831157E-02 -0.9392315E+04  0.5035365E+01
                  9  0.6560052E-02 -0.8325012E+04  0.6088220E+01  0.7288946E-02 -0.7471182E+04  0.7184410E+01
                 11  0.8017841E-02 -0.6772612E+04  0.8312935E+01  0.8746736E-02 -0.6190499E+04  0.9463847E+01
                 13  0.9475630E-02 -0.5697974E+04  0.1062829E+02  0.1020453E-01 -0.5275847E+04  0.1179848E+02
                 15  0.1093342E-01 -0.4910042E+04  0.1296718E+02  0.1166231E-01 -0.4590006E+04  0.1412814E+02
                 17  0.1239121E-01 -0.4307663E+04  0.1527617E+02  0.1312010E-01 -0.4056736E+04  0.1640613E+02
                 19  0.1384900E-01 -0.3832265E+04  0.1751381E+02  0.1457789E-01 -0.3630287E+04  0.1859556E+02
                 21  0.1530679E-01 -0.3447587E+04  0.1964823E+02  0.1603568E-01 -0.3281541E+04  0.2066912E+02
                 23  0.1676458E-01 -0.3129975E+04  0.2165595E+02  0.1749347E-01 -0.2991084E+04  0.2260682E+02
                 25  0.1822237E-01 -0.2863344E+04  0.2352031E+02  0.1895126E-01 -0.2745472E+04  0.2439521E+02
                 27  0.1968016E-01 -0.2636369E+04  0.2523052E+02  0.2040905E-01 -0.2535100E+04  0.2602560E+02
                 29  0.2113794E-01 -0.2440851E+04  0.2678012E+02  0.2186684E-01 -0.2352924E+04  0.2749384E+02
                 31  0.2259573E-01 -0.2270703E+04  0.2816679E+02  0.2332463E-01 -0.2193657E+04  0.2879923E+02
                 33  0.2405352E-01 -0.2121313E+04  0.2939125E+02  0.2478242E-01 -0.2053259E+04  0.2994377E+02
                 35  0.2551131E-01 -0.1989124E+04  0.3045683E+02  0.2624021E-01 -0.1928584E+04  0.3093158E+02
                 37  0.2696910E-01 -0.1871345E+04  0.3136874E+02  0.2769800E-01 -0.1817148E+04  0.3176893E+02
                 39  0.2842689E-01 -0.1765758E+04  0.3213367E+02  0.2915579E-01 -0.1716965E+04  0.3246316E+02
                 41  0.3061358E-01 -0.1626426E+04  0.3302264E+02  0.3207136E-01 -0.1544213E+04  0.3345645E+02
                 43  0.3352915E-01 -0.1469240E+04  0.3377424E+02  0.3498694E-01 -0.1400599E+04  0.3398548E+02
                 45  0.3644473E-01 -0.1337528E+04  0.3409911E+02  0.3790252E-01 -0.1279383E+04  0.3412565E+02
                 47  0.3936031E-01 -0.1225616E+04  0.3407508E+02  0.4081810E-01 -0.1175755E+04  0.3395742E+02
                 49  0.4227589E-01 -0.1129395E+04  0.3377833E+02  0.4373368E-01 -0.1086183E+04  0.3354852E+02
                 51  0.4519147E-01 -0.1045816E+04  0.3327764E+02  0.4664926E-01 -0.1008023E+04  0.3296954E+02
                 53  0.4810705E-01 -0.9725711E+03  0.3263359E+02  0.4956484E-01 -0.9392518E+03  0.3227776E+02
                 55  0.5102263E-01 -0.9078807E+03  0.3190386E+02  0.5248041E-01 -0.8782958E+03  0.3152279E+02
                 57  0.5393820E-01 -0.8503504E+03  0.3113462E+02  0.5539599E-01 -0.8239153E+03  0.3074811E+02
                 59  0.5685378E-01 -0.7988729E+03  0.3036480E+02  0.5831157E-01 -0.7751187E+03  0.2999017E+02
                 61  0.5976936E-01 -0.7525576E+03  0.2962626E+02  0.6122715E-01 -0.7311042E+03  0.2927726E+02
                 63  0.6268494E-01 -0.7106804E+03  0.2894428E+02  0.6414273E-01 -0.6912160E+03  0.2863139E+02
                 65  0.6560052E-01 -0.6726462E+03  0.2833809E+02  0.6705831E-01 -0.6549129E+03  0.2806855E+02
                 67  0.6851610E-01 -0.6379617E+03  0.2782155E+02  0.6997389E-01 -0.6217438E+03  0.2759997E+02
                 69  0.7143168E-01 -0.6062139E+03  0.2740369E+02  0.7288946E-01 -0.5913304E+03  0.2723327E+02
                 71  0.7434725E-01 -0.5770549E+03  0.2708918E+02  0.7580504E-01 -0.5633522E+03  0.2697172E+02
                 73  0.7726283E-01 -0.5501894E+03  0.2688008E+02  0.7872062E-01 -0.5375363E+03  0.2681500E+02
                 75  0.8017841E-01 -0.5253648E+03  0.2677563E+02  0.8163620E-01 -0.5136485E+03  0.2676060E+02
                 77  0.8309399E-01 -0.5023637E+03  0.2677167E+02  0.8455178E-01 -0.4914873E+03  0.2680589E+02
                 79  0.8600957E-01 -0.4809982E+03  0.2686213E+02  0.8746736E-01 -0.4708773E+03  0.2694307E+02
                 81  0.9038294E-01 -0.4516660E+03  0.2716390E+02  0.9329851E-01 -0.4337206E+03  0.2746518E+02
                 83  0.9621409E-01 -0.4169231E+03  0.2783305E+02  0.9912967E-01 -0.4011704E+03  0.2826081E+02
                 85  0.1020453E+00 -0.3863713E+03  0.2874115E+02  0.1049608E+00 -0.3724437E+03  0.2925957E+02
                 87  0.1078764E+00 -0.3593166E+03  0.2981610E+02  0.1107920E+00 -0.3469237E+03  0.3039133E+02
                 89  0.1137076E+00 -0.3352090E+03  0.3098974E+02  0.1166231E+00 -0.3241186E+03  0.3159091E+02
                 91  0.1195387E+00 -0.3136074E+03  0.3219969E+02  0.1224543E+00 -0.3036316E+03  0.3279771E+02
                 93  0.1253699E+00 -0.2941544E+03  0.3339128E+02  0.1282855E+00 -0.2851397E+03  0.3396313E+02
                 95  0.1312010E+00 -0.2765571E+03  0.3451851E+02  0.1341166E+00 -0.2683770E+03  0.3504500E+02
                 97  0.1370322E+00 -0.2605736E+03  0.3554433E+02  0.1399478E+00 -0.2531227E+03  0.3601048E+02
                 99  0.1428634E+00 -0.2460020E+03  0.3644062E+02  0.1457789E+00 -0.2391918E+03  0.3683509E+02
                101  0.1486945E+00 -0.2326728E+03  0.3718864E+02  0.1516101E+00 -0.2264282E+03  0.3750238E+02
                103  0.1545257E+00 -0.2204418E+03  0.3777430E+02  0.1574412E+00 -0.2146992E+03  0.3800362E+02
                105  0.1603568E+00 -0.2091864E+03  0.3819000E+02  0.1632724E+00 -0.2038912E+03  0.3833441E+02
                107  0.1661880E+00 -0.1988012E+03  0.3843585E+02  0.1691036E+00 -0.1939060E+03  0.3849469E+02
                109  0.1720191E+00 -0.1891950E+03  0.3851403E+02  0.1749347E+00 -0.1846589E+03  0.3849173E+02
                111  0.1778503E+00 -0.1802885E+03  0.3842952E+02  0.1807659E+00 -0.1760760E+03  0.3833187E+02
                113  0.1836815E+00 -0.1720128E+03  0.3819621E+02  0.1865970E+00 -0.1680922E+03  0.3802367E+02
                115  0.1895126E+00 -0.1643071E+03  0.3782096E+02  0.1924282E+00 -0.1606514E+03  0.3758680E+02
                117  0.1953438E+00 -0.1571180E+03  0.3731733E+02  0.1982593E+00 -0.1537025E+03  0.3702375E+02
                119  0.2011749E+00 -0.1503989E+03  0.3670604E+02  0.2040905E+00 -0.1472019E+03  0.3635743E+02
                121  0.2099217E+00 -0.1411099E+03  0.3560112E+02  0.2157528E+00 -0.1353911E+03  0.3476427E+02
                123  0.2215840E+00 -0.1300148E+03  0.3387079E+02  0.2274151E+00 -0.1249520E+03  0.3292132E+02
                125  0.2332463E+00 -0.1201785E+03  0.3194399E+02  0.2390774E+00 -0.1156707E+03  0.3093512E+02
                127  0.2449086E+00 -0.1114091E+03  0.2992170E+02  0.2507398E+00 -0.1073743E+03  0.2889987E+02
                129  0.2565709E+00 -0.1035505E+03  0.2789099E+02  0.2624021E+00 -0.9992206E+02  0.2689483E+02
                131  0.2682332E+00 -0.9647547E+02  0.2592352E+02  0.2740644E+00 -0.9319849E+02  0.2498323E+02
                133  0.2798955E+00 -0.9007916E+02  0.2407524E+02  0.2857267E+00 -0.8710803E+02  0.2321122E+02
                135  0.2915579E+00 -0.8427464E+02  0.2238697E+02  0.2973890E+00 -0.8157122E+02  0.2161153E+02
                137  0.3032202E+00 -0.7898928E+02  0.2088518E+02  0.3090513E+00 -0.7652185E+02  0.2020853E+02
                139  0.3148825E+00 -0.7416188E+02  0.1958368E+02  0.3207136E+00 -0.7190367E+02  0.1901171E+02
                141  0.3265448E+00 -0.6974085E+02  0.1849073E+02  0.3323760E+00 -0.6766856E+02  0.1802003E+02
                143  0.3382071E+00 -0.6568179E+02  0.1760357E+02  0.3440383E+00 -0.6377586E+02  0.1723364E+02
                145  0.3498694E+00 -0.6194600E+02  0.1690972E+02  0.3557006E+00 -0.6018950E+02  0.1663831E+02
                147  0.3615317E+00 -0.5850103E+02  0.1640668E+02  0.3673629E+00 -0.5687780E+02  0.1621473E+02
                149  0.3731941E+00 -0.5531682E+02  0.1607047E+02  0.3790252E+00 -0.5381448E+02  0.1595942E+02
                151  0.3848564E+00 -0.5236729E+02  0.1588045E+02  0.3906875E+00 -0.5097403E+02  0.1584104E+02
                153  0.3965187E+00 -0.4963068E+02  0.1583049E+02  0.4023498E+00 -0.4833524E+02  0.1584392E+02
                155  0.4081810E+00 -0.4708523E+02  0.1588497E+02  0.4140122E+00 -0.4587945E+02  0.1595444E+02
                157  0.4198433E+00 -0.4471425E+02  0.1603992E+02  0.4256745E+00 -0.4358865E+02  0.1614143E+02
                159  0.4315056E+00 -0.4250091E+02  0.1626678E+02  0.4373368E+00 -0.4144935E+02  0.1640527E+02
                161  0.4489991E+00 -0.3944654E+02  0.1670843E+02  0.4606614E+00 -0.3757023E+02  0.1705867E+02
                163  0.4723237E+00 -0.3580825E+02  0.1741952E+02  0.4839860E+00 -0.3415291E+02  0.1780095E+02
                165  0.4956484E+00 -0.3259458E+02  0.1817249E+02  0.5073107E+00 -0.3112699E+02  0.1854242E+02
                167  0.5189730E+00 -0.2974270E+02  0.1888929E+02  0.5306353E+00 -0.2843624E+02  0.1921700E+02
                169  0.5422976E+00 -0.2720205E+02  0.1951434E+02  0.5539599E+00 -0.2603514E+02  0.1978010E+02
                171  0.5656222E+00 -0.2493137E+02  0.2001169E+02  0.5772846E+00 -0.2388626E+02  0.2020557E+02
                173  0.5889469E+00 -0.2289649E+02  0.2036194E+02  0.6006092E+00 -0.2195825E+02  0.2048026E+02
                175  0.6122715E+00 -0.2106869E+02  0.2055908E+02  0.6239338E+00 -0.2022453E+02  0.2060039E+02
                177  0.6355961E+00 -0.1942357E+02  0.2060638E+02  0.6472584E+00 -0.1866250E+02  0.2057313E+02
                179  0.6589208E+00 -0.1793983E+02  0.2050811E+02  0.6705831E+00 -0.1725275E+02  0.2041235E+02
                181  0.6822454E+00 -0.1659943E+02  0.2028059E+02  0.6939077E+00 -0.1597785E+02  0.2012425E+02
                183  0.7055700E+00 -0.1538667E+02  0.1994260E+02  0.7172323E+00 -0.1482324E+02  0.1973092E+02
                185  0.7288946E+00 -0.1428713E+02  0.1950100E+02  0.7405570E+00 -0.1377608E+02  0.1925286E+02
                187  0.7522193E+00 -0.1328895E+02  0.1897964E+02  0.7638816E+00 -0.1282427E+02  0.1869411E+02
                189  0.7755439E+00 -0.1238146E+02  0.1839649E+02  0.7872062E+00 -0.1195825E+02  0.1808142E+02
                191  0.7988685E+00 -0.1155464E+02  0.1775692E+02  0.8105308E+00 -0.1116889E+02  0.1742583E+02
                193  0.8221932E+00 -0.1080064E+02  0.1708589E+02  0.8338555E+00 -0.1044809E+02  0.1673701E+02
                195  0.8455178E+00 -0.1011152E+02  0.1638615E+02  0.8571801E+00 -0.9789193E+01  0.1603331E+02
                197  0.8688424E+00 -0.9480972E+01  0.1567462E+02  0.8805047E+00 -0.9185460E+01  0.1531531E+02
                199  0.8921670E+00 -0.8902964E+01  0.1495762E+02  0.9038294E+00 -0.8631876E+01  0.1460153E+02
                201  0.9271540E+00 -0.8122989E+01  0.1388910E+02  0.9504786E+00 -0.7654871E+01  0.1319297E+02
                203  0.9738032E+00 -0.7223225E+01  0.1251001E+02  0.9971279E+00 -0.6824867E+01  0.1185021E+02
                205  0.1020453E+01 -0.6456475E+01  0.1121179E+02  0.1043777E+01 -0.6115382E+01  0.1059974E+02
                207  0.1067102E+01 -0.5799079E+01  0.1001401E+02  0.1090426E+01 -0.5505285E+01  0.9455694E+01
                209  0.1113751E+01 -0.5232103E+01  0.8925539E+01  0.1137076E+01 -0.4977637E+01  0.8423176E+01
                211  0.1160400E+01 -0.4740329E+01  0.7947742E+01  0.1183725E+01 -0.4518785E+01  0.7500857E+01
                213  0.1207050E+01 -0.4311608E+01  0.7078936E+01  0.1230374E+01 -0.4117653E+01  0.6683072E+01
                215  0.1253699E+01 -0.3935960E+01  0.6312044E+01  0.1277023E+01 -0.3765308E+01  0.5962943E+01
                217  0.1300348E+01 -0.3605221E+01  0.5638128E+01  0.1323673E+01 -0.3454556E+01  0.5333554E+01
                219  0.1346997E+01 -0.3312697E+01  0.5047734E+01  0.1370322E+01 -0.3179193E+01  0.4783581E+01
                221  0.1393647E+01 -0.3053227E+01  0.4535605E+01  0.1416971E+01 -0.2934143E+01  0.4303204E+01
                223  0.1440296E+01 -0.2821964E+01  0.4089369E+01  0.1463620E+01 -0.2715672E+01  0.3888564E+01
                225  0.1486945E+01 -0.2615056E+01  0.3700360E+01  0.1510270E+01 -0.2519907E+01  0.3527361E+01
                227  0.1533594E+01 -0.2429718E+01  0.3365283E+01  0.1556919E+01 -0.2343972E+01  0.3213159E+01
                229  0.1580244E+01 -0.2262801E+01  0.3072688E+01  0.1603568E+01 -0.2185645E+01  0.2942084E+01
                231  0.1626893E+01 -0.2112274E+01  0.2819173E+01  0.1650217E+01 -0.2042352E+01  0.2704168E+01
                233  0.1673542E+01 -0.1976134E+01  0.2598974E+01  0.1696867E+01 -0.1912841E+01  0.2499605E+01
                235  0.1720191E+01 -0.1852538E+01  0.2406060E+01  0.1743516E+01 -0.1795033E+01  0.2319450E+01
                237  0.1766841E+01 -0.1740333E+01  0.2239000E+01  0.1790165E+01 -0.1687910E+01  0.2162877E+01
                239  0.1813490E+01 -0.1637875E+01  0.2091080E+01  0.1836815E+01 -0.1590084E+01  0.2024853E+01
                241  0.1883464E+01 -0.1500677E+01  0.1903766E+01  0.1930113E+01 -0.1418667E+01  0.1796307E+01
                243  0.1976762E+01 -0.1343399E+01  0.1701338E+01  0.2023412E+01 -0.1274022E+01  0.1615991E+01
                245  0.2070061E+01 -0.1210137E+01  0.1540224E+01  0.2116710E+01 -0.1150937E+01  0.1470880E+01
                247  0.2163359E+01 -0.1096289E+01  0.1409237E+01  0.2210009E+01 -0.1045445E+01  0.1352107E+01
                249  0.2256658E+01 -0.9982671E+00  0.1300290E+01  0.2303307E+01 -0.9542938E+00  0.1252241E+01
                251  0.2349956E+01 -0.9132574E+00  0.1207574E+01  0.2396606E+01 -0.8749785E+00  0.1166336E+01
                253  0.2443255E+01 -0.8390924E+00  0.1127289E+01  0.2489904E+01 -0.8055167E+00  0.1090865E+01
                255  0.2536553E+01 -0.7739875E+00  0.1056341E+01  0.2583203E+01 -0.7443350E+00  0.1023378E+01
                257  0.2629852E+01 -0.7164851E+00  0.9923559E+00  0.2676501E+01 -0.6902276E+00  0.9625152E+00
                259  0.2723150E+01 -0.6654449E+00  0.9338676E+00  0.2769800E+01 -0.6420935E+00  0.9065733E+00
                261  0.2816449E+01 -0.6199926E+00  0.8801765E+00  0.2863098E+01 -0.5990960E+00  0.8547107E+00
                263  0.2909747E+01 -0.5793225E+00  0.8302772E+00  0.2956397E+01 -0.5605896E+00  0.8065964E+00
                265  0.3003046E+01 -0.5428073E+00  0.7836771E+00  0.3049695E+01 -0.5259710E+00  0.7616219E+00
                267  0.3096344E+01 -0.5099644E+00  0.7402534E+00  0.3142994E+01 -0.4947749E+00  0.7195628E+00
                269  0.3189643E+01 -0.4803331E+00  0.6996191E+00  0.3236292E+01 -0.4666249E+00  0.6803473E+00
                271  0.3282941E+01 -0.4535702E+00  0.6617345E+00  0.3329591E+01 -0.4411776E+00  0.6437875E+00
                273  0.3376240E+01 -0.4293786E+00  0.6265411E+00  0.3422889E+01 -0.4181774E+00  0.6099352E+00
                275  0.3469539E+01 -0.4075055E+00  0.5939925E+00  0.0000000E+00  0.0000000E+00  0.0000000E+00
