        6        1        1        0        2
       20       20       20       20
       20       20        0        0
--------------------  ATOM   1  --->  Z = 
      9.9957   -0.0000      0.491587E+00     -0.408664E+00      0.000000E+00      0.000000E+00
      0.6935    0.0000               NaN               NaN
      9.9957   -0.0000     -0.419309E+00     -0.772360E+00     -0.435329E+00     -0.745945E+00
      2.0682   -0.0000      0.209906E+01      0.104611E-15
      9.9957   -0.0000      0.303384E+00     -0.102561E+00      0.309287E+00     -0.107137E+00
      0.3260   -0.0000      0.333463E+00     -0.279158E-17
      9.9957   -0.0000     -0.435115E+00     -0.746322E+00     -0.436101E+00     -0.744573E+00
      2.0986   -0.0000      0.210064E+01      0.236929E-16
      9.9957   -0.0000      0.261375E+00     -0.926243E+00      0.260784E+00     -0.926605E+00
      1.2958   -0.0000      0.129645E+01      0.949332E-16
      9.9957   -0.0000      0.492198E+00     -0.587983E+00      0.492143E+00     -0.588291E+00
      0.8738   -0.0000      0.874154E+00     -0.332434E-16
      9.9957   -0.0000      0.473472E+00     -0.339302E+00      0.473526E+00     -0.339460E+00
      0.6218   -0.0000      0.621963E+00     -0.667194E-16
      9.9957   -0.0000      0.407471E+00     -0.210229E+00      0.407531E+00     -0.210313E+00
      0.4763    0.0000      0.476417E+00     -0.824448E-16
      9.9957   -0.0000      0.333468E+00     -0.127442E+00      0.333518E+00     -0.127487E+00
      0.3650    0.0000      0.365112E+00     -0.691281E-16
      9.9957   -0.0000      0.277577E+00     -0.841259E-01      0.277615E+00     -0.841518E-01
      0.2943    0.0000      0.294320E+00     -0.128529E-15
      9.9957   -0.0000      0.234428E+00     -0.583628E-01      0.234459E+00     -0.583792E-01
      0.2440    0.0000      0.244033E+00     -0.822449E-16
      9.9957   -0.0000      0.186378E+00     -0.360353E-01      0.186402E+00     -0.360449E-01
      0.1910   -0.0000      0.191015E+00      0.150971E-16
      9.9957   -0.0000      0.152705E+00     -0.238894E-01      0.152723E+00     -0.238954E-01
      0.1552   -0.0000      0.155204E+00     -0.107178E-15
      9.9957   -0.0000      0.133750E+00     -0.182210E-01      0.133765E+00     -0.182252E-01
      0.1354   -0.0000      0.135414E+00      0.529583E-16
      9.9957   -0.0000      0.108069E+00     -0.118186E-01      0.108081E+00     -0.118213E-01
      0.1089    0.0000      0.108941E+00      0.102052E-15
      9.9957   -0.0000      0.714187E-01     -0.512692E-02      0.714269E-01     -0.512810E-02
      0.0717   -0.0000      0.716721E-01     -0.106165E-15
      9.9957   -0.0000      0.375005E-01     -0.140827E-02      0.375049E-01     -0.140860E-02
      0.0375   -0.0000      0.375402E-01     -0.125602E-15
      9.9957   -0.0000      0.159614E-01     -0.254830E-03      0.159633E-01     -0.254891E-03
      0.0160    0.0000      0.159660E-01      0.106786E-15
      9.9957   -0.0000      0.566486E-02     -0.320916E-04      0.566556E-02     -0.320996E-04
      0.0057   -0.0000      0.566568E-02      0.605989E-16
      9.9957   -0.0000      0.171288E-02     -0.293397E-05      0.171310E-02     -0.293472E-05
      0.0017    0.0000      0.171310E-02      0.712577E-16
      9.9957   -0.0000      0.447988E-03     -0.200693E-06      0.448047E-03     -0.200746E-06
      0.0004    0.0000      0.448047E-03      0.109058E-15
--------------------  ATOM   2  --->  Z = 
      9.9957   -0.0000      0.485379E+00     -0.379972E+00      0.448047E-03     -0.200746E-06
      0.6642   -0.0000      0.448047E-03      0.109058E-15
      9.9957   -0.0000     -0.397363E+00     -0.803484E+00     -0.415318E+00     -0.778408E+00
      2.0301    0.0000      0.206092E+01      0.109280E-15
      9.9957   -0.0000      0.267770E+00     -0.777453E-01      0.273838E+00     -0.816545E-01
      0.2826   -0.0000      0.289792E+00      0.148851E-15
      9.9957   -0.0000     -0.430530E+00     -0.754251E+00     -0.431491E+00     -0.752617E+00
      2.0895    0.0000      0.209137E+01      0.438306E-16
      9.9957   -0.0000      0.247374E+00     -0.934518E+00      0.246785E+00     -0.934853E+00
      1.3120   -0.0000      0.131270E+01     -0.322729E-16
      9.9957   -0.0000      0.488369E+00     -0.607219E+00      0.488301E+00     -0.607527E+00
      0.8935    0.0000      0.893771E+00     -0.878132E-16
      9.9957   -0.0000      0.478453E+00     -0.354801E+00      0.478502E+00     -0.354963E+00
      0.6381   -0.0000      0.638247E+00     -0.146131E-15
      9.9957   -0.0000      0.415196E+00     -0.221411E+00      0.415255E+00     -0.221498E+00
      0.4899    0.0000      0.490011E+00     -0.149039E-16
      9.9957   -0.0000      0.341391E+00     -0.134689E+00      0.341441E+00     -0.134736E+00
      0.3758   -0.0000      0.375851E+00      0.131283E-15
      9.9957   -0.0000      0.284740E+00     -0.889972E-01      0.284779E+00     -0.890244E-01
      0.3029   -0.0000      0.302984E+00      0.546205E-16
      9.9957   -0.0000      0.241019E+00     -0.619246E-01      0.241050E+00     -0.619418E-01
      0.2515   -0.0000      0.251525E+00     -0.367115E-16
      9.9957   -0.0000      0.191761E+00     -0.382343E-01      0.191786E+00     -0.382445E-01
      0.1968   -0.0000      0.196830E+00     -0.225341E-16
      9.9957   -0.0000      0.157117E+00     -0.253274E-01      0.157136E+00     -0.253336E-01
      0.1598   -0.0000      0.159845E+00     -0.476476E-16
      9.9957   -0.0000      0.137980E+00     -0.194156E-01      0.137996E+00     -0.194200E-01
      0.1398   -0.0000      0.139811E+00      0.676756E-16
      9.9957   -0.0000      0.111957E+00     -0.126955E-01      0.111969E+00     -0.126983E-01
      0.1129    0.0000      0.112927E+00      0.284633E-16
      9.9957   -0.0000      0.742514E-01     -0.554401E-02      0.742596E-01     -0.554524E-02
      0.0745   -0.0000      0.745354E-01      0.562951E-16
      9.9957   -0.0000      0.390674E-01     -0.152860E-02      0.390718E-01     -0.152895E-02
      0.0391   -0.0000      0.391117E-01     -0.707449E-16
      9.9957   -0.0000      0.166438E-01     -0.277092E-03      0.166457E-01     -0.277156E-03
      0.0166   -0.0000      0.166488E-01      0.817923E-16
      9.9957   -0.0000      0.590986E-02     -0.349276E-04      0.591055E-02     -0.349358E-04
      0.0059   -0.0000      0.591069E-02      0.486260E-16
      9.9957   -0.0000      0.178759E-02     -0.319549E-05      0.178781E-02     -0.319626E-05
      0.0018    0.0000      0.178781E-02      0.119429E-16
      9.9957   -0.0000      0.467678E-03     -0.218723E-06      0.467736E-03     -0.218777E-06
      0.0005    0.0000      0.467736E-03      0.207947E-16
--------------------  ATOM   3  --->  Z = 
      9.9957   -0.0000      0.485377E+00     -0.379961E+00      0.467736E-03     -0.218777E-06
      0.6642   -0.0000      0.467736E-03      0.207947E-16
      9.9957   -0.0000     -0.397358E+00     -0.803491E+00     -0.415313E+00     -0.778416E+00
      2.0301   -0.0000      0.206091E+01     -0.785593E-16
      9.9957   -0.0000      0.267762E+00     -0.777400E-01      0.273829E+00     -0.816491E-01
      0.2826   -0.0000      0.289782E+00     -0.727264E-17
      9.9957   -0.0000     -0.430523E+00     -0.754264E+00     -0.431484E+00     -0.752630E+00
      2.0895   -0.0000      0.209135E+01     -0.276994E-16
      9.9957   -0.0000      0.247390E+00     -0.934509E+00      0.246800E+00     -0.934844E+00
      1.3120   -0.0000      0.131268E+01     -0.333413E-16
      9.9957   -0.0000      0.488370E+00     -0.607212E+00      0.488303E+00     -0.607519E+00
      0.8934    0.0000      0.893763E+00     -0.324432E-16
      9.9957   -0.0000      0.478448E+00     -0.354785E+00      0.478497E+00     -0.354947E+00
      0.6381   -0.0000      0.638229E+00     -0.564910E-18
      9.9957   -0.0000      0.415191E+00     -0.221402E+00      0.415249E+00     -0.221489E+00
      0.4899   -0.0000      0.490000E+00      0.170742E-16
      9.9957   -0.0000      0.341386E+00     -0.134684E+00      0.341437E+00     -0.134732E+00
      0.3758    0.0000      0.375845E+00     -0.624731E-16
      9.9957   -0.0000      0.284727E+00     -0.889881E-01      0.284766E+00     -0.890154E-01
      0.3029    0.0000      0.302968E+00     -0.449263E-16
      9.9957   -0.0000      0.241013E+00     -0.619214E-01      0.241044E+00     -0.619386E-01
      0.2515    0.0000      0.251518E+00     -0.753719E-16
      9.9957   -0.0000      0.191760E+00     -0.382336E-01      0.191784E+00     -0.382437E-01
      0.1968   -0.0000      0.196828E+00      0.644078E-18
      9.9957   -0.0000      0.157107E+00     -0.253240E-01      0.157126E+00     -0.253302E-01
      0.1598    0.0000      0.159834E+00     -0.513416E-16
      9.9957   -0.0000      0.137968E+00     -0.194120E-01      0.137983E+00     -0.194164E-01
      0.1398    0.0000      0.139798E+00      0.734747E-16
      9.9957   -0.0000      0.111951E+00     -0.126943E-01      0.111964E+00     -0.126971E-01
      0.1129   -0.0000      0.112921E+00      0.776756E-16
      9.9957   -0.0000      0.742528E-01     -0.554422E-02      0.742610E-01     -0.554545E-02
      0.0745   -0.0000      0.745368E-01     -0.989207E-16
      9.9957   -0.0000      0.390708E-01     -0.152886E-02      0.390752E-01     -0.152921E-02
      0.0391    0.0000      0.391150E-01     -0.640839E-16
      9.9957   -0.0000      0.166461E-01     -0.277169E-03      0.166480E-01     -0.277233E-03
      0.0166   -0.0000      0.166511E-01      0.536883E-16
      9.9957   -0.0000      0.591093E-02     -0.349403E-04      0.591162E-02     -0.349485E-04
      0.0059    0.0000      0.591176E-02     -0.108656E-15
      9.9957   -0.0000      0.178797E-02     -0.319686E-05      0.178819E-02     -0.319763E-05
      0.0018    0.0000      0.178819E-02      0.415298E-16
      9.9957   -0.0000      0.467791E-03     -0.218828E-06      0.467849E-03     -0.218883E-06
      0.0005   -0.0000      0.467849E-03      0.442996E-18
--------------------  ATOM   4  --->  Z = 
      9.9957   -0.0000      0.485377E+00     -0.379962E+00      0.467849E-03     -0.218883E-06
      0.6642    0.0000      0.467849E-03      0.442996E-18
      9.9957   -0.0000     -0.397358E+00     -0.803491E+00     -0.415313E+00     -0.778416E+00
      2.0301    0.0000      0.206091E+01      0.701344E-16
      9.9957   -0.0000      0.267762E+00     -0.777402E-01      0.273830E+00     -0.816492E-01
      0.2826   -0.0000      0.289782E+00     -0.146346E-16
      9.9957   -0.0000     -0.430523E+00     -0.754264E+00     -0.431484E+00     -0.752630E+00
      2.0895    0.0000      0.209135E+01     -0.253669E-16
      9.9957   -0.0000      0.247390E+00     -0.934509E+00      0.246800E+00     -0.934845E+00
      1.3120   -0.0000      0.131268E+01     -0.375092E-16
      9.9957   -0.0000      0.488370E+00     -0.607212E+00      0.488303E+00     -0.607519E+00
      0.8934   -0.0000      0.893764E+00     -0.128442E-16
      9.9957   -0.0000      0.478448E+00     -0.354785E+00      0.478497E+00     -0.354947E+00
      0.6381   -0.0000      0.638230E+00      0.788455E-16
      9.9957   -0.0000      0.415191E+00     -0.221402E+00      0.415249E+00     -0.221489E+00
      0.4899   -0.0000      0.490001E+00      0.292620E-16
      9.9957   -0.0000      0.341386E+00     -0.134685E+00      0.341437E+00     -0.134732E+00
      0.3758   -0.0000      0.375845E+00     -0.809774E-16
      9.9957   -0.0000      0.284727E+00     -0.889883E-01      0.284766E+00     -0.890155E-01
      0.3029   -0.0000      0.302968E+00     -0.493553E-16
      9.9957   -0.0000      0.241013E+00     -0.619215E-01      0.241044E+00     -0.619387E-01
      0.2515   -0.0000      0.251518E+00     -0.422776E-16
      9.9957   -0.0000      0.191760E+00     -0.382336E-01      0.191784E+00     -0.382438E-01
      0.1968   -0.0000      0.196829E+00      0.260844E-16
      9.9957   -0.0000      0.157107E+00     -0.253240E-01      0.157126E+00     -0.253302E-01
      0.1598    0.0000      0.159834E+00     -0.388480E-16
      9.9957   -0.0000      0.137968E+00     -0.194120E-01      0.137983E+00     -0.194164E-01
      0.1398   -0.0000      0.139798E+00      0.529873E-16
      9.9957   -0.0000      0.111952E+00     -0.126943E-01      0.111964E+00     -0.126971E-01
      0.1129   -0.0000      0.112921E+00      0.274781E-16
      9.9957   -0.0000      0.742529E-01     -0.554424E-02      0.742611E-01     -0.554547E-02
      0.0745   -0.0000      0.745369E-01     -0.304278E-16
      9.9957   -0.0000      0.390708E-01     -0.152887E-02      0.390752E-01     -0.152921E-02
      0.0391    0.0000      0.391151E-01     -0.667839E-16
      9.9957   -0.0000      0.166461E-01     -0.277170E-03      0.166480E-01     -0.277234E-03
      0.0166    0.0000      0.166511E-01     -0.213178E-16
      9.9957   -0.0000      0.591094E-02     -0.349404E-04      0.591163E-02     -0.349486E-04
      0.0059   -0.0000      0.591177E-02      0.204028E-17
      9.9957   -0.0000      0.178798E-02     -0.319687E-05      0.178819E-02     -0.319764E-05
      0.0018   -0.0000      0.178820E-02      0.634410E-16
      9.9957   -0.0000      0.467792E-03     -0.218829E-06      0.467850E-03     -0.218883E-06
      0.0005    0.0000      0.467850E-03     -0.102627E-16
--------------------  ATOM   5  --->  Z = 
      9.9957   -0.0000      0.485382E+00     -0.379983E+00      0.467850E-03     -0.218883E-06
      0.6642   -0.0000      0.467850E-03     -0.102627E-16
      9.9957   -0.0000     -0.397371E+00     -0.803474E+00     -0.415325E+00     -0.778398E+00
      2.0301    0.0000      0.206093E+01      0.292322E-16
      9.9957   -0.0000      0.267780E+00     -0.777516E-01      0.273848E+00     -0.816610E-01
      0.2826   -0.0000      0.289803E+00      0.245001E-16
      9.9957   -0.0000     -0.430536E+00     -0.754241E+00     -0.431498E+00     -0.752606E+00
      2.0895    0.0000      0.209138E+01     -0.416746E-16
      9.9957   -0.0000      0.247367E+00     -0.934522E+00      0.246777E+00     -0.934858E+00
      1.3120   -0.0000      0.131271E+01     -0.113942E-16
      9.9957   -0.0000      0.488366E+00     -0.607232E+00      0.488298E+00     -0.607539E+00
      0.8935   -0.0000      0.893784E+00     -0.590997E-16
      9.9957   -0.0000      0.478455E+00     -0.354809E+00      0.478505E+00     -0.354972E+00
      0.6381    0.0000      0.638255E+00     -0.558303E-16
      9.9957   -0.0000      0.415205E+00     -0.221423E+00      0.415263E+00     -0.221510E+00
      0.4899    0.0000      0.490026E+00     -0.826078E-16
      9.9957   -0.0000      0.341399E+00     -0.134696E+00      0.341449E+00     -0.134744E+00
      0.3758   -0.0000      0.375862E+00      0.164187E-15
      9.9957   -0.0000      0.284750E+00     -0.890045E-01      0.284790E+00     -0.890318E-01
      0.3029   -0.0000      0.302997E+00     -0.131060E-16
      9.9957   -0.0000      0.241034E+00     -0.619332E-01      0.241065E+00     -0.619504E-01
      0.2515    0.0000      0.251543E+00     -0.704763E-18
      9.9957   -0.0000      0.191772E+00     -0.382388E-01      0.191797E+00     -0.382490E-01
      0.1968    0.0000      0.196842E+00     -0.757630E-16
      9.9957   -0.0000      0.157127E+00     -0.253305E-01      0.157146E+00     -0.253367E-01
      0.1598    0.0000      0.159855E+00     -0.352619E-16
      9.9957   -0.0000      0.137999E+00     -0.194210E-01      0.138015E+00     -0.194254E-01
      0.1398    0.0000      0.139830E+00      0.931946E-17
      9.9957   -0.0000      0.111983E+00     -0.127016E-01      0.111995E+00     -0.127044E-01
      0.1129   -0.0000      0.112954E+00     -0.515018E-16
      9.9957   -0.0000      0.742748E-01     -0.554751E-02      0.742830E-01     -0.554875E-02
      0.0746    0.0000      0.745590E-01     -0.163231E-16
      9.9957   -0.0000      0.390818E-01     -0.152972E-02      0.390861E-01     -0.153007E-02
      0.0391    0.0000      0.391261E-01     -0.530916E-16
      9.9957   -0.0000      0.166504E-01     -0.277312E-03      0.166523E-01     -0.277376E-03
      0.0167   -0.0000      0.166554E-01     -0.776770E-16
      9.9957   -0.0000      0.591232E-02     -0.349567E-04      0.591301E-02     -0.349649E-04
      0.0059   -0.0000      0.591315E-02      0.467248E-16
      9.9957   -0.0000      0.178836E-02     -0.319824E-05      0.178857E-02     -0.319901E-05
      0.0018   -0.0000      0.178858E-02      0.833413E-16
      9.9957   -0.0000      0.467884E-03     -0.218916E-06      0.467942E-03     -0.218970E-06
      0.0005   -0.0000      0.467942E-03      0.262496E-16
--------------------  ATOM   6  --->  Z = 
      9.9957   -0.0000      0.485089E+00     -0.378804E+00      0.467942E-03     -0.218970E-06
      0.6630   -0.0000      0.467942E-03      0.262496E-16
      9.9957   -0.0000     -0.396619E+00     -0.804455E+00     -0.414636E+00     -0.779423E+00
      2.0289   -0.0000      0.205970E+01     -0.101246E-15
      9.9957   -0.0000      0.266714E+00     -0.770770E-01      0.272791E+00     -0.809710E-01
      0.2813   -0.0000      0.288541E+00     -0.859059E-16
      9.9957   -0.0000     -0.429899E+00     -0.755318E+00     -0.430864E+00     -0.753685E+00
      2.0882    0.0000      0.209013E+01     -0.133845E-15
      9.9957   -0.0000      0.248241E+00     -0.934023E+00      0.247652E+00     -0.934360E+00
      1.3110    0.0000      0.131170E+01     -0.430057E-16
      9.9957   -0.0000      0.488656E+00     -0.605902E+00      0.488589E+00     -0.606209E+00
      0.8921   -0.0000      0.892422E+00     -0.160723E-16
      9.9957   -0.0000      0.478144E+00     -0.353786E+00      0.478194E+00     -0.353949E+00
      0.6370    0.0000      0.637186E+00      0.404014E-16
      9.9957   -0.0000      0.414417E+00     -0.220253E+00      0.414476E+00     -0.220340E+00
      0.4885   -0.0000      0.488616E+00      0.260324E-16
      9.9957   -0.0000      0.340495E+00     -0.133853E+00      0.340546E+00     -0.133901E+00
      0.3746    0.0000      0.374626E+00     -0.180877E-15
      9.9957   -0.0000      0.283632E+00     -0.882321E-01      0.283672E+00     -0.882594E-01
      0.3016   -0.0000      0.301638E+00     -0.124379E-15
      9.9957   -0.0000      0.239531E+00     -0.611096E-01      0.239563E+00     -0.611268E-01
      0.2498   -0.0000      0.249829E+00     -0.590194E-16
      9.9957   -0.0000      0.190412E+00     -0.376760E-01      0.190436E+00     -0.376862E-01
      0.1953   -0.0000      0.195370E+00      0.415976E-16
      9.9957   -0.0000      0.155770E+00     -0.248834E-01      0.155789E+00     -0.248896E-01
      0.1584   -0.0000      0.158426E+00     -0.949457E-16
      9.9957   -0.0000      0.136170E+00     -0.188994E-01      0.136185E+00     -0.189038E-01
      0.1379   -0.0000      0.137928E+00      0.301381E-16
      9.9957   -0.0000      0.109900E+00     -0.122275E-01      0.109912E+00     -0.122303E-01
      0.1108   -0.0000      0.110817E+00      0.110508E-15
      9.9957   -0.0000      0.725817E-01     -0.529615E-02      0.725901E-01     -0.529739E-02
      0.0728    0.0000      0.728476E-01     -0.784439E-16
      9.9957   -0.0000      0.380883E-01     -0.145283E-02      0.380928E-01     -0.145318E-02
      0.0381    0.0000      0.381298E-01     -0.474965E-16
      9.9957   -0.0000      0.162022E-01     -0.262581E-03      0.162042E-01     -0.262645E-03
      0.0162    0.0000      0.162070E-01      0.148189E-15
      9.9957   -0.0000      0.574769E-02     -0.330370E-04      0.574841E-02     -0.330453E-04
      0.0057   -0.0000      0.574854E-02     -0.110886E-15
      9.9957   -0.0000      0.173734E-02     -0.301837E-05      0.173757E-02     -0.301915E-05
      0.0017    0.0000      0.173757E-02     -0.304562E-16
      9.9957   -0.0000      0.454278E-03     -0.206368E-06      0.454338E-03     -0.206423E-06
      0.0005   -0.0000      0.454339E-03     -0.881658E-16
