        6        1        1        0        2
       20       20       20       20
       20       20        0        0
--------------------  ATOM   1  --->  Z = 28  -----------------
      9.9957   -0.0000      0.479629537     -0.358736037
      9.9957   -0.0000     -0.408577660     -0.788208771
      9.9957   -0.0000      0.295640047     -0.096766863
      9.9957   -0.0000     -0.432188146     -0.751422765
      9.9957   -0.0000      0.265099666     -0.923936513
      9.9957   -0.0000      0.492886364     -0.584041850
      9.9957   -0.0000      0.472344831     -0.336017193
      9.9957   -0.0000      0.405448594     -0.207405678
      9.9957   -0.0000      0.331141003     -0.125372670
      9.9957   -0.0000      0.275107082     -0.082488212
      9.9957   -0.0000      0.231781893     -0.056968224
      9.9957   -0.0000      0.183972701     -0.035076302
      9.9957   -0.0000      0.150492652     -0.023185611
      9.9957   -0.0000      0.131450486     -0.017588589
      9.9957   -0.0000      0.105897980     -0.011343047
      9.9957   -0.0000      0.069830070     -0.004900251
      9.9957   -0.0000      0.036623162     -0.001343060
      9.9957   -0.0000      0.015580331     -0.000242806
      9.9957   -0.0000      0.005528513     -0.000030565
      9.9957   -0.0000      0.001671457     -0.000002794
      9.9957   -0.0000      0.000437110     -0.000000191
--------------------  ATOM   2  --->  Z = 28  -----------------
      9.9957   -0.0000      0.470609669     -0.331101986
      9.9957   -0.0000     -0.385617014     -0.818275853
      9.9957   -0.0000      0.259735098     -0.072755715
      9.9957   -0.0000     -0.427557423     -0.759219308
      9.9957   -0.0000      0.251173060     -0.932333313
      9.9957   -0.0000      0.489214553     -0.603291438
      9.9957   -0.0000      0.477428675     -0.351467647
      9.9957   -0.0000      0.413244092     -0.218522967
      9.9957   -0.0000      0.339098416     -0.132559849
      9.9957   -0.0000      0.282295050     -0.087314279
      9.9957   -0.0000      0.238386711     -0.060486888
      9.9957   -0.0000      0.189359350     -0.037244086
      9.9957   -0.0000      0.154909571     -0.024602246
      9.9957   -0.0000      0.135685603     -0.018762619
      9.9957   -0.0000      0.109783857     -0.012201369
      9.9957   -0.0000      0.072656633     -0.005307152
      9.9957   -0.0000      0.038185719     -0.001460282
      9.9957   -0.0000      0.016260992     -0.000264490
      9.9957   -0.0000      0.005772992     -0.000033329
      9.9957   -0.0000      0.001746035     -0.000003049
      9.9957   -0.0000      0.000456770     -0.000000209
--------------------  ATOM   3  --->  Z = 28  -----------------
      9.9957   -0.0000      0.470606247     -0.331092449
      9.9957   -0.0000     -0.385611137     -0.818282973
      9.9957   -0.0000      0.259726975     -0.072750777
      9.9957   -0.0000     -0.427549689     -0.759232065
      9.9957   -0.0000      0.251188343     -0.932324434
      9.9957   -0.0000      0.489216105     -0.603284089
      9.9957   -0.0000      0.477423612     -0.351451374
      9.9957   -0.0000      0.413238436     -0.218514662
      9.9957   -0.0000      0.339094293     -0.132556045
      9.9957   -0.0000      0.282282260     -0.087305530
      9.9957   -0.0000      0.238381016     -0.060483799
      9.9957   -0.0000      0.189357522     -0.037243337
      9.9957   -0.0000      0.154899323     -0.024598906
      9.9957   -0.0000      0.135673072     -0.018759086
      9.9957   -0.0000      0.109778321     -0.012200123
      9.9957   -0.0000      0.072658034     -0.005307358
      9.9957   -0.0000      0.038189043     -0.001460536
      9.9957   -0.0000      0.016263308     -0.000264565
      9.9957   -0.0000      0.005774064     -0.000033341
      9.9957   -0.0000      0.001746418     -0.000003050
      9.9957   -0.0000      0.000456883     -0.000000209
--------------------  ATOM   4  --->  Z = 28  -----------------
      9.9957   -0.0000      0.470606322     -0.331092661
      9.9957   -0.0000     -0.385611284     -0.818282795
      9.9957   -0.0000      0.259727183     -0.072750904
      9.9957   -0.0000     -0.427549821     -0.759231848
      9.9957   -0.0000      0.251188131     -0.932324558
      9.9957   -0.0000      0.489216052     -0.603284340
      9.9957   -0.0000      0.477423682     -0.351451598
      9.9957   -0.0000      0.413238572     -0.218514863
      9.9957   -0.0000      0.339094456     -0.132556195
      9.9957   -0.0000      0.282282436     -0.087305650
      9.9957   -0.0000      0.238381208     -0.060483903
      9.9957   -0.0000      0.189357698     -0.037243409
      9.9957   -0.0000      0.154899485     -0.024598959
      9.9957   -0.0000      0.135673242     -0.018759134
      9.9957   -0.0000      0.109778482     -0.012200159
      9.9957   -0.0000      0.072658152     -0.005307375
      9.9957   -0.0000      0.038189108     -0.001460541
      9.9957   -0.0000      0.016263336     -0.000264566
      9.9957   -0.0000      0.005774074     -0.000033341
      9.9957   -0.0000      0.001746421     -0.000003050
      9.9957   -0.0000      0.000456884     -0.000000209
--------------------  ATOM   5  --->  Z = 28  -----------------
      9.9957   -0.0000      0.470613622     -0.331112999
      9.9957   -0.0000     -0.385624537     -0.818266738
      9.9957   -0.0000      0.259745393     -0.072761974
      9.9957   -0.0000     -0.427563800     -0.759208790
      9.9957   -0.0000      0.251165333     -0.932337803
      9.9957   -0.0000      0.489211838     -0.603304297
      9.9957   -0.0000      0.477431293     -0.351476060
      9.9957   -0.0000      0.413252574     -0.218535420
      9.9957   -0.0000      0.339106856     -0.132567639
      9.9957   -0.0000      0.282306017     -0.087321781
      9.9957   -0.0000      0.238402473     -0.060495437
      9.9957   -0.0000      0.189370162     -0.037248510
      9.9957   -0.0000      0.154919187     -0.024605379
      9.9957   -0.0000      0.135704486     -0.018767943
      9.9957   -0.0000      0.109810113     -0.012207279
      9.9957   -0.0000      0.072679925     -0.005310574
      9.9957   -0.0000      0.038199994     -0.001461375
      9.9957   -0.0000      0.016267588     -0.000264704
      9.9957   -0.0000      0.005775449     -0.000033357
      9.9957   -0.0000      0.001746803     -0.000003051
      9.9957   -0.0000      0.000456976     -0.000000209
--------------------  ATOM   6  --->  Z = 28  -----------------
      9.9957   -0.0000      0.470201102     -0.329967875
      9.9957   -0.0000     -0.384837947     -0.819217409
      9.9957   -0.0000      0.258667580     -0.072108562
      9.9957   -0.0000     -0.426913397     -0.760278603
      9.9957   -0.0000      0.252032405     -0.931832915
      9.9957   -0.0000      0.489491003     -0.601973320
      9.9957   -0.0000      0.477113683     -0.350458923
      9.9957   -0.0000      0.412460295     -0.217375681
      9.9957   -0.0000      0.338201396     -0.131734043
      9.9957   -0.0000      0.281183789     -0.086556320
      9.9957   -0.0000      0.236895912     -0.059681562
      9.9957   -0.0000      0.188008772     -0.036693728
      9.9957   -0.0000      0.153559608     -0.024164475
      9.9957   -0.0000      0.133871558     -0.018254833
      9.9957   -0.0000      0.107726987     -0.011743002
      9.9957   -0.0000      0.070990208     -0.005065267
      9.9957   -0.0000      0.037209216     -0.001386448
      9.9957   -0.0000      0.015820559     -0.000250353
      9.9957   -0.0000      0.005611161     -0.000031486
      9.9957   -0.0000      0.001695875     -0.000002876
      9.9957   -0.0000      0.000443390     -0.000000197
