 atom Ni   dist =   0.00000  coord =    0.00000   0.00000   0.00000
   7.2889464807377011E-004  -76627.649159477252     
   1.4577892961475402E-003  -38212.188196411043     
   2.1866839442213105E-003  -25406.579942101867     
   2.9155785922950804E-003  -19003.528114399778     
   3.6444732403688503E-003  -15161.546510524633     
   4.3733678884426202E-003  -12600.139974187116     
   5.1022625365163901E-003  -10770.513247125580     
   5.8311571845901600E-003  -9398.2731683761467     
   6.5600518326639299E-003  -8330.9704552475250     
   7.2889464807376998E-003  -7477.1404778597289     
   8.0178411288114697E-003  -6778.5708404481120     
   8.7467357768852404E-003  -6196.4588133360485     
   9.4756304249590112E-003  -5703.9336413895753     
   1.0204525073032782E-002  -5281.8079478323461     
   1.0933419721106553E-002  -4916.0035217425611     
   1.1662314369180323E-002  -4595.9678867934490     
   1.2391209017254094E-002  -4313.6249477135807     
   1.3120103665327865E-002  -4062.6987495244693     
   1.3848998313401636E-002  -3838.2282075679859     
   1.4577892961475407E-002  -3636.2504571807021     
   1.5306787609549177E-002  -3453.5509299949558     
   1.6035682257622946E-002  -3287.5055362503131     
   1.6764576905696715E-002  -3135.9401279430194     
   1.7493471553770484E-002  -2997.0489428351989     
   1.8222366201844253E-002  -2869.3088631039695     
   1.8951260849918022E-002  -2751.4370737566019     
   1.9680155497991791E-002  -2642.3344875729485     
   2.0409050146065560E-002  -2541.0651153614940     
   2.1137944794139329E-002  -2446.8158830673506     
   2.1866839442213098E-002  -2358.8880874815168     
   2.2595734090286868E-002  -2276.6670542805873     
   2.3324628738360637E-002  -2199.6209751057172     
   2.4053523386434406E-002  -2127.2762571314083     
   2.4782418034508175E-002  -2059.2212847953865     
   2.5511312682581944E-002  -1995.0850269247489     
   2.6240207330655713E-002  -1934.5440381681944     
   2.6969101978729482E-002  -1877.3035854780389     
   2.7697996626803251E-002  -1823.1059069276009     
   2.8426891274877020E-002  -1771.7138908272746     
   2.9155785922950789E-002  -1722.9196976652927     
   3.0613575219098330E-002  -1632.3763810498472     
   3.2071364515245872E-002  -1550.1592987264592     
   3.3529153811393410E-002  -1475.1805374880166     
   3.4986943107540948E-002  -1406.5333993027391     
   3.6444732403688486E-002  -1343.4558936415344     
   3.7902521699836024E-002  -1285.3037796518631     
   3.9360310995983562E-002  -1231.5280252944237     
   4.0818100292131100E-002  -1181.6582901054510     
   4.2275889588278638E-002  -1135.2880372399613     
   4.3733678884426176E-002  -1092.0663707764240     
   4.5191468180573714E-002  -1051.6874676947875     
   4.6649257476721252E-002  -1013.8827466389678     
   4.8107046772868790E-002  -978.41739846693372     
   4.9564836069016328E-002  -945.08429596808924     
   5.1022625365163866E-002  -913.69864687338168     
   5.2480414661311404E-002  -884.09847188814058     
   5.3938203957458943E-002  -856.13701655820626     
   5.5395993253606481E-002  -829.68510209429053     
   5.6853782549754019E-002  -804.62531248546293     
   5.8311571845901557E-002  -780.85305156997822     
   5.9769361142049095E-002  -758.27324233440197     
   6.1227150438196633E-002  -736.80051658692844     
   6.2684939734344178E-002  -716.35684857382660     
   6.4142729030491716E-002  -696.87208571969597     
   6.5600518326639254E-002  -678.28140348088721     
   6.7058307622786792E-002  -660.52670192423886     
   6.8516096918934330E-002  -643.55376291237565     
   6.9973886215081868E-002  -627.31380406758751     
   7.1431675511229406E-002  -611.76147925868327     
   7.2889464807376944E-002  -596.85522347109816     
   7.4347254103524482E-002  -582.55682393267773     
   7.5805043399672020E-002  -568.83088425607798     
   7.7262832695819558E-002  -555.64466936926431     
   7.8720621991967096E-002  -542.96799919289219     
   8.0178411288114634E-002  -530.77278523896280     
   8.1636200584262172E-002  -519.03271099112681     
   8.3093989880409710E-002  -507.72403002488494     
   8.4551779176557249E-002  -496.82365358659894     
   8.6009568472704787E-002  -486.31057162639792     
   8.7467357768852325E-002  -476.16561447354934     
   9.0382936361147401E-002  -456.90604876338074     
   9.3298514953442477E-002  -438.91227930310242     
   9.6214093545737553E-002  -422.06632119471624     
   9.9129672138032629E-002  -406.26499300520737     
  0.10204525073032771       -391.41716027276300     
  0.10496082932262278       -377.44054184248529     
  0.10787640791491786       -364.26420129863249     
  0.11079198650721293       -351.82171894213985     
  0.11370756509950801       -340.05708440124965     
  0.11662314369180309       -328.91636567461887     
  0.11953872228409816       -318.35443068653746     
  0.12245430087639324       -308.32735573475134     
  0.12536987946868833       -298.79850075909934     
  0.12828545806098340       -289.73164253319777     
  0.13120103665327848       -281.09645226875062     
  0.13411661524557356       -272.86323984068082     
  0.13703219383786863       -265.00631851403796     
  0.13994777243016371       -257.50143555751413     
  0.14286335102245878       -250.32641980980924     
  0.14577892961475386       -243.46146797287301     
  0.14869450820704894       -236.88738180130468     
  0.15161008679934401       -230.58746930146609     
  0.15452566539163909       -224.54549293752839     
  0.15744124398393416       -218.74703318605876     
  0.16035682257622924       -213.17818368197896     
  0.16327240116852432       -207.82671578332821     
  0.16618797976081939       -202.68042896483823     
  0.16910355835311447       -197.72875624349237     
  0.17201913694540955       -192.96132350220051     
  0.17493471553770462       -188.36877263878688     
  0.17785029412999970       -183.94184759103905     
  0.18076587272229477       -179.67296877318623     
  0.18368145131458985       -175.55354940918991     
  0.18659702990688493       -171.57676534872616     
  0.18951260849918000       -167.73569249320286     
  0.19242818709147508       -164.02418770930487     
  0.19534376568377015       -160.43521597442250     
  0.19825934427606523       -156.96442433835287     
  0.20117492286836031       -153.60574157437358     
  0.20409050146065538       -150.35402365718119     
  0.20992165864524553       -144.15366604934644     
  0.21575281582983569       -138.32802119947027     
  0.22158397301442584       -132.84668077519251     
  0.22741513019901599       -127.68070492163841     
  0.23324628738360614       -122.80621869709633     
  0.23907744456819630       -118.19949283421022     
  0.24490860175278645       -113.84139630546230     
  0.25073975893737660       -109.71259044643519     
  0.25657091612196675       -105.79730537337079     
  0.26240207330655690       -102.08001155898859     
  0.26823323049114706       -98.547237531849277     
  0.27406438767573721       -95.186778858170953     
  0.27989554486032736       -91.986749371041768     
  0.28572670204491751       -88.937607891151870     
  0.29155785922950767       -86.029041434912813     
  0.29738901641409782       -83.253083758104253     
  0.30322017359868797       -80.601304079044326     
  0.30905133078327812       -78.066649281428369     
  0.31488248796786827       -75.641934215248952     
  0.32071364515245843       -73.321479277602364     
  0.32654480233704858       -71.098735957716372     
  0.33237595952163873       -68.968698187826760     
  0.33820711670622888       -66.926393649237085     
  0.34403827389081904       -64.966860193050664     
  0.34986943107540919       -63.085270091864011     
  0.35570058825999934       -61.278859281659912     
  0.36153174544458949       -59.542102305212140     
  0.36736290262917964       -57.872120298395373     
  0.37319405981376980       -56.265887739185764     
  0.37902521699835995       -54.719630975537129     
  0.38485637418295010       -53.229853615898655     
  0.39068753136754025       -51.795213261086523     
  0.39651868855213040       -50.411681569135389     
  0.40234984573672056       -49.077198831644012     
  0.40818100292131071       -47.789261531525852     
  0.41401216010590086       -46.546577385634400     
  0.41984331729049101       -45.345584299668815     
  0.42567447447508117       -44.185216000742990     
  0.43150563165967132       -43.063685493490354     
  0.43733678884426147       -41.979339550418167     
  0.44899910321344177       -39.914045004270370     
  0.46066141758262208       -37.979048238967749     
  0.47232373195180238       -36.162360498798513     
  0.48398604632098269       -34.455953059798617     
  0.49564836069016299       -32.850349064391011     
  0.50731067505934335       -31.338914474354745     
  0.51897298942852366       -29.914298411085561     
  0.53063530379770396       -28.570717354762085     
  0.54229761816688427       -27.302552343860725     
  0.55395993253606457       -26.104619507374604     
  0.56562224690524487       -24.972568794565660     
  0.57728456127442518       -23.901863542342902     
  0.58894687564360548       -22.888819329920626     
  0.60060919001278579       -21.929684767916989     
  0.61227150438196609       -21.021283027278272     
  0.62393381875114640       -20.160260953725150     
  0.63559613312032670       -19.344259566987784     
  0.64725844748950701       -18.569809283117241     
  0.65892076185868731       -17.835274448483304     
  0.67058307622786761       -17.137815396551687     
  0.68224539059704792       -16.475317245180868     
  0.69390770496622822       -15.845807921782113     
  0.70557001933540853       -15.247759129192417     
  0.71723233370458883       -14.678455615224305     
  0.72889464807376914       -14.137348565967963     
  0.74055696244294944       -13.622169675245837     
  0.75221927681212974       -13.131589773468537     
  0.76388159118131005       -12.664179333779785     
  0.77554390555049035       -12.219203945729781     
  0.78720621991967066       -11.794417360739216     
  0.79886853428885096       -11.389680256506775     
  0.81053084865803127       -11.003288434331422     
  0.82219316302721157       -10.634753933158244     
  0.83385547739639188       -10.282322837331400     
  0.84551779176557218       -9.9461250559631313     
  0.85718010613475248       -9.6245065482825698     
  0.86884242050393279       -9.3171958341826908     
  0.88050473487311309       -9.0228720980462018     
  0.89216704924229340       -8.7416900952735475     
  0.90382936361147370       -8.4721420813312012     
  0.92715399234983431       -7.9667303953967377     
  0.95047862108819492       -7.5024938692200598     
  0.97380324982655553       -7.0750815976708283     
  0.99712787856491614       -6.6811360989844299     
   1.0204525073032769       -6.3173254560117194     
   1.0437771360416375       -5.9808470273729784     
   1.0671017647799981       -5.6691988457009375     
   1.0904263935183587       -5.3800128733484005     
   1.1137510222567193       -5.1113816081763668     
   1.1370756509950799       -4.8613895551316189     
   1.1604002797334405       -4.6284205210051272     
   1.1837249084718011       -4.4111383444828807     
   1.2070495372101617       -4.2080599663737956     
   1.2303741659485223       -4.0180792168051020     
   1.2536987946868829       -3.8402230968700688     
   1.2770234234252436       -3.6732484779044121     
   1.3003480521636042       -3.5167153390425012     
   1.3236726809019648       -3.3694582215858060     
   1.3469973096403254       -3.2308465442643151     
   1.3703219383786860       -3.1004890991125276     
   1.3936465671170466       -2.9775158219425153     
   1.4169711958554072       -2.8612913299568228     
   1.4402958245937678       -2.7518689833558203     
   1.4636204533321284       -2.6482087181525613     
   1.4869450820704890       -2.5500919919957763     
   1.5102697108088496       -2.4573639461457706     
   1.5335943395472103       -2.3694760814222611     
   1.5569189682855709       -2.2859321117073557     
   1.5802435970239315       -2.2068705489459877     
   1.6035682257622921       -2.1317475765079119     
   1.6268928545006527       -2.0603062865915076     
   1.6502174832390133       -1.9922415045501722     
   1.6735421119773739       -1.9278105929525675     
   1.6968667407157345       -1.8662353427045855     
   1.7201913694540951       -1.8075639976817455     
   1.7435159981924557       -1.7516446682647968     
   1.7668406269308163       -1.6984610092465953     
   1.7901652556691769       -1.6475027865057594     
   1.8134898844075376       -1.5988605529154591     
   1.8368145131458982       -1.5524306505388008     
   1.8834637706226194       -1.4655809549637389     
   1.9301130280993406       -1.3859430317138091     
   1.9767622855760618       -1.3128858748964209     
   2.0234115430527830       -1.2455622405910172     
   2.0700608005295043       -1.1835975895460533     
   2.1167100580062255       -1.1261801054128202     
   2.1633593154829467       -1.0732047757128977     
   2.2100085729596679       -1.0239149984761060     
   2.2566578304363891      -0.97819089255733527     
   2.3033070879131103      -0.93557306965172671     
   2.3499563453898316      -0.89580037908554311     
   2.3966056028665528      -0.85870352055788635     
   2.4432548603432740      -0.82391715676275579     
   2.4899041178199952      -0.79136912014315708     
   2.5365533752967164      -0.76079749776562544     
   2.5832026327734376      -0.73203720215104018     
   2.6298518902501589      -0.70501979768568068     
   2.6765011477268801      -0.67953803680869596     
   2.7231504052036013      -0.65547770248895909     
   2.7697996626803225      -0.63279974640355896     
   2.8164489201570437      -0.61132628413778789     
   2.8630981776337650      -0.59101470618863028     
   2.9097474351104862      -0.57178491581461000     
   2.9563966925872074      -0.55356000462995703     
   3.0030459500639286      -0.53625138206586953     
   3.0496952075406498      -0.51985478630341297     
   3.0963444650173710      -0.50425896056624331     
   3.1429937224940923      -0.48945379367104958     
   3.1896429799708135      -0.47536822553416230     
   3.2362922374475347      -0.46199312421161570     
   3.2829414949242559      -0.44924997183769455     
   3.3295907524009771      -0.43714847325684741     
   3.3762400098776983      -0.42561890641203654     
   3.4228892673544196      -0.41467135932333465     
   3.4695385248311408      -0.40423692214827106     
 atom Ni   dist =   6.65184  coord =    0.00000   0.00000   6.65184
   7.2889464807377011E-004  -76621.688473401955     
   1.4577892961475402E-003  -38206.228725170804     
   2.1866839442213105E-003  -25400.621268081744     
   2.9155785922950804E-003  -18997.569958324988     
   3.6444732403688503E-003  -15155.588678817116     
   4.3733678884426202E-003  -12594.182291275352     
   5.1022625365163901E-003  -10764.555580935299     
   5.8311571845901600E-003  -9392.3153924178096     
   6.5600518326639299E-003  -8325.0124752934935     
   7.2889464807376998E-003  -7471.1822024202138     
   8.0178411288114697E-003  -6772.6122060985199     
   8.7467357768852404E-003  -6190.4997574526387     
   9.4756304249590112E-003  -5697.9741271188050     
   1.0204525073032782E-002  -5275.8479372214979     
   1.0933419721106553E-002  -4910.0430019021196     
   1.1662314369180323E-002  -4590.0068436893725     
   1.2391209017254094E-002  -4307.6633883937266     
   1.3120103665327865E-002  -4056.7366808022866     
   1.3848998313401636E-002  -3832.2656575182505     
   1.4577892961475407E-002  -3630.2874515817321     
   1.5306787609549177E-002  -3447.5875150177139     
   1.6035682257622946E-002  -3281.5417554369410     
   1.6764576905696715E-002  -3129.9760444913204     
   1.7493471553770484E-002  -2991.0846169561246     
   1.8222366201844253E-002  -2863.3443732333408     
   1.8951260849918022E-002  -2745.4724945535750     
   1.9680155497991791E-002  -2636.3699125306707     
   2.0409050146065560E-002  -2535.1006342214960     
   2.1137944794139329E-002  -2440.8516024496198     
   2.1866839442213098E-002  -2352.9241090703354     
   2.2595734090286868E-002  -2270.7034977569087     
   2.3324628738360637E-002  -2193.6579547471683     
   2.4053523386434406E-002  -2121.3139032014269     
   2.4782418034508175E-002  -2053.2597231154682     
   2.5511312682581944E-002  -1989.1243982560577     
   2.6240207330655713E-002  -1928.5844782925922     
   2.6969101978729482E-002  -1871.3452450502189     
   2.7697996626803251E-002  -1817.1489310330530     
   2.8426891274877020E-002  -1765.7584386982733     
   2.9155785922950789E-002  -1716.9659231939704     
   3.0613575219098330E-002  -1626.4264577240165     
   3.2071364515245872E-002  -1544.2139042221943     
   3.3529153811393410E-002  -1469.2403757499324     
   3.4986943107540948E-002  -1400.5991961297407     
   3.6444732403688486E-002  -1337.5283977904610     
   3.7902521699836024E-002  -1279.3837533509936     
   3.9360310995983562E-002  -1225.6162436886032     
   4.0818100292131100E-002  -1175.7555340214851     
   4.2275889588278638E-002  -1129.3951073563637     
   4.3733678884426176E-002  -1086.1840632749384     
   4.5191468180573714E-002  -1045.8165724938647     
   4.6649257476721252E-002  -1008.0240669740646     
   4.8107046772868790E-002  -972.57172303727282     
   4.9564836069016328E-002  -939.25239408491950     
   5.1022625365163866E-002  -907.88130258355443     
   5.2480414661311404E-002  -878.29641914792489     
   5.3938203957458943E-002  -850.35100529318981     
   5.5395993253606481E-002  -823.91583066817418     
   5.6853782549754019E-002  -798.87347431873150     
   5.8311571845901557E-002  -775.11929870992230     
   5.9769361142049095E-002  -752.55820687047037     
   6.1227150438196633E-002  -731.10478689073022     
   6.2684939734344178E-002  -710.68099273199437     
   6.4142729030491716E-002  -691.21661300650646     
   6.5600518326639254E-002  -672.64681839741820     
   6.7058307622786792E-002  -654.91342767669892     
   6.8516096918934330E-002  -637.96223296521373     
   6.9973886215081868E-002  -621.74436734110486     
   7.1431675511229406E-002  -606.21447576138337     
   7.2889464807376944E-002  -591.33094464605040     
   7.4347254103524482E-002  -577.05551526081229     
   7.5805043399672020E-002  -563.35278869793103     
   7.7262832695819558E-002  -550.18996273729510     
   7.8720621991967096E-002  -537.53684884533618     
   8.0178411288114634E-002  -525.36532687731392     
   8.1636200584262172E-002  -513.64905279608331     
   8.3093989880409710E-002  -502.36426439947070     
   8.4551779176557249E-002  -491.48785577428521     
   8.6009568472704787E-002  -480.99879829276767     
   8.7467357768852325E-002  -470.87791176322747     
   9.0382936361147401E-002  -451.66660248208012     
   9.3298514953442477E-002  -433.72119573835175     
   9.6214093545737553E-002  -416.92371459174660     
   9.9129672138032629E-002  -401.17099541720847     
  0.10204525073032771       -386.37192425544288     
  0.10496082932262278       -372.44430673734462     
  0.10787640791491786       -359.31719862304311     
  0.11079198650721293       -346.92430528905101     
  0.11370756509950801       -335.20957629154947     
  0.11662314369180309       -324.11920763863316     
  0.11953872228409816       -313.60801410390303     
  0.12245430087639324       -303.63217765182003     
  0.12536987946868833       -294.15498332767612     
  0.12828545806098340       -285.14029801957139     
  0.13120103665327848       -276.55771539383699     
  0.13411661524557356       -268.37759709861501     
  0.13703219383786863       -260.57419569526382     
  0.13994777243016371       -253.12326455940064     
  0.14286335102245878       -246.00260003232913     
  0.14577892961475386       -239.19235859992423     
  0.14869450820704894       -232.67333043598325     
  0.15161008679934401       -226.42877358181832     
  0.15452566539163909       -220.44242168781116     
  0.15744124398393416       -214.69982677888061     
  0.16035682257622924       -209.18702716874603     
  0.16327240116852432       -203.89177479664698     
  0.16618797976081939       -198.80182054986469     
  0.16910355835311447       -193.90656732476688     
  0.17201913694540955       -189.19559427051061     
  0.17493471553770462       -184.65951924560196     
  0.17785029412999970       -180.28903936907901     
  0.18076587272229477       -176.07654440537848     
  0.18368145131458985       -172.01340994585809     
  0.18659702990688493       -168.09278826519230     
  0.18951260849918000       -164.30770374742175     
  0.19242818709147508       -160.65199642872199     
  0.19534376568377015       -157.11859923814990     
  0.19825934427606523       -153.70312440746611     
  0.20117492286836031       -150.39946426089179     
  0.20409050146065538       -147.20246911016866     
  0.20992165864524553       -141.11049524144431     
  0.21575281582983569       -135.39167151619239     
  0.22158397301442584       -130.01539607016488     
  0.22741513019901599       -124.95256114102345     
  0.23324628738360614       -120.17913628623043     
  0.23907744456819630       -115.67124417170460     
  0.24490860175278645       -111.40964530467924     
  0.25073975893737660       -107.37486889810013     
  0.25657091612196675       -103.55108197488379     
  0.26240207330655690       -99.922651296182892     
  0.26823323049114706       -96.476065789690125     
  0.27406438767573721       -93.199086146325499     
  0.27989554486032736       -90.079754315245040     
  0.28572670204491751       -87.108622706731694     
  0.29155785922950767       -84.275235745571166     
  0.29738901641409782       -81.571817061075862     
  0.30322017359868797       -78.989878783150147     
  0.30905133078327812       -76.522448978432379     
  0.31488248796786827       -74.162475974798284     
  0.32071364515245843       -71.904267753291307     
  0.32654480233704858       -69.741447676557968     
  0.33237595952163873       -67.669162103796623     
  0.33820711670622888       -65.682390677763649     
  0.34403827389081904       -63.776460732477652     
  0.34986943107540919       -61.946601448951313     
  0.35570058825999934       -60.190109177292037     
  0.36153174544458949       -58.501632849592312     
  0.36736290262917964       -56.878411365986587     
  0.37319405981376980       -55.317434569267824     
  0.37902521699835995       -53.815089145758989     
  0.38485637418295010       -52.367902011380814     
  0.39068753136754025       -50.974646526515095     
  0.39651868855213040       -49.631289829039716     
  0.40234984573672056       -48.335851242708820     
  0.40818100292131071       -47.085843670559143     
  0.41401216010590086       -45.880064928946211     
  0.41984331729049101       -44.714871320572271     
  0.42567447447508117       -43.589272513753322     
  0.43150563165967132       -42.501530329071294     
  0.43733678884426147       -41.449975032766488     
  0.44899910321344177       -39.447166918611458     
  0.46066141758262208       -37.570856536108700     
  0.47232373195180238       -35.808877069568815     
  0.48398604632098269       -34.153545136844386     
  0.49564836069016299       -32.595217397013130     
  0.50731067505934335       -31.127628933321606     
  0.51897298942852366       -29.743336768115515     
  0.53063530379770396       -28.436888545993348     
  0.54229761816688427       -27.202694305802503     
  0.55395993253606457       -26.035793564337322     
  0.56562224690524487       -24.932027412231559     
  0.57728456127442518       -23.886912577595918     
  0.58894687564360548       -22.897148547230437     
  0.60060919001278579       -21.958911830462078     
  0.61227150438196609       -21.069360952776897     
  0.62393381875114640       -20.225197006546530     
  0.63559613312032670       -19.424239993209149     
  0.64725844748950701       -18.663179197936763     
  0.65892076185868731       -17.940507580241928     
  0.67058307622786761       -17.253437712706795     
  0.68224539059704792       -16.600122272146635     
  0.69390770496622822       -15.978538249488150     
  0.70557001933540853       -15.387368963630365     
  0.71723233370458883       -14.823937383172501     
  0.72889464807376914       -14.287836103664638     
  0.74055696244294944       -13.776790274695456     
  0.75221927681212974       -13.289668645073037     
  0.76388159118131005       -12.824988100474997     
  0.77554390555049035       -12.382185609035599     
  0.78720621991967066       -11.958973701260227     
  0.79886853428885096       -11.555374606184039     
  0.81053084865803127       -11.169624130922625     
  0.82219316302721157       -10.801388317538354     
  0.83385547739639188       -10.448842043092190     
  0.84551779176557218       -10.112276095342962     
  0.85718010613475248       -9.7899530918343292     
  0.86884242050393279       -9.4817369857374914     
  0.88050473487311309       -9.1862309500067081     
  0.89216704924229340       -8.9037414371536325     
  0.90382936361147370       -8.6326588790919594     
  0.92715399234983431       -8.1237849492349490     
  0.95047862108819492       -7.6556799772454909     
  0.97380324982655553       -7.2240467090826135     
  0.99712787856491614       -6.8257032945750122     
   1.0204525073032769       -6.4573260510605248     
   1.0437771360416375       -6.1162481980139551     
   1.0671017647799981       -5.7999612287188116     
   1.0904263935183587       -5.5061837664337538     
   1.1137510222567193       -5.2330190429834396     
   1.1370756509950799       -4.9785715981828105     
   1.1604002797334405       -4.7412821364089286     
   1.1837249084718011       -4.5197584788064411     
   1.2070495372101617       -4.3126015647020974     
   1.2303741659485223       -4.1186684822241677     
   1.2536987946868829       -3.9369973954562192     
   1.2770234234252436       -3.7663687680542379     
   1.3003480521636042       -3.6063061185052829     
   1.3236726809019648       -3.4556660425171808     
   1.3469973096403254       -3.3138332669410762     
   1.3703219383786860       -3.1803559131968617     
   1.3936465671170466       -3.0544185682559801     
   1.4169711958554072       -2.9353636271108647     
   1.4402958245937678       -2.8232156048575425     
   1.4636204533321284       -2.7169553297284099     
   1.4869450820704890       -2.6163717970918778     
   1.5102697108088496       -2.5212571679013558     
   1.5335943395472103       -2.4311038422105478     
   1.5569189682855709       -2.3453944432252261     
   1.5802435970239315       -2.2642614722260852     
   1.6035682257622921       -2.1871442674874553     
   1.6268928545006527       -2.1138141743416030     
   1.6502174832390133       -2.0439346557530755     
   1.6735421119773739       -1.9777597497731516     
   1.6968667407157345       -1.9145123501751451     
   1.7201913694540951       -1.8542557012303618     
   1.7435159981924557       -1.7967992700002813     
   1.7668406269308163       -1.7421485671387336     
   1.7901652556691769       -1.6897777498748532     
   1.8134898844075376       -1.6397960203806441     
   1.8368145131458982       -1.5920596938870606     
   1.8834637706226194       -1.5027670082817250     
   1.9301130280993406       -1.4208786487090301     
   1.9767622855760618       -1.3457404294478121     
   2.0234115430527830       -1.2765008233809858     
   2.0700608005295043       -1.2127618487655007     
   2.1167100580062255       -1.1537167651242350     
   2.1633593154829467       -1.0992326970143604     
   2.2100085729596679       -1.0485633183581387     
   2.2566578304363891       -1.0015694139414086     
   2.3033070879131103      -0.95779195393301841     
   2.3499563453898316      -0.91696330462904219     
   2.3966056028665528      -0.87890451979806294     
   2.4432548603432740      -0.84325235944898802     
   2.4899041178199952      -0.80992460796029042     
   2.5365533752967164      -0.77865873823404252     
   2.5832026327734376      -0.74928620966047976     
   2.6298518902501589      -0.72173296065996340     
   2.6765011477268801      -0.69579088105612807     
   2.7231504052036013      -0.67134331534112901     
   2.7697996626803225      -0.64834756627021606     
   2.8164489201570437      -0.62662474181137884     
   2.8630981776337650      -0.60612985344709980     
   2.9097474351104862      -0.58678269134096739     
   2.9563966925872074      -0.56850292222073640     
   3.0030459500639286      -0.55120236133477307     
   3.0496952075406498      -0.53487644659998046     
   3.0963444650173710      -0.51941249435071446     
   3.1429937224940923      -0.50479836048975946     
   3.1896429799708135      -0.49096744197948988     
   3.2362922374475347      -0.47790619315462435     
   3.2829414949242559      -0.46553807222433841     
   3.3295907524009771      -0.45387182082255534     
   3.3762400098776983      -0.44284230055620633     
   3.4228892673544196      -0.43245418755879350     
   3.4695385248311408      -0.42264260712801277     
 atom Ni   dist =  13.30367  coord =    0.00000   0.00000  13.30367
   7.2889464807377011E-004  -76621.688413485448     
   1.4577892961475402E-003  -38206.228665254399     
   2.1866839442213105E-003  -25400.621208165518     
   2.9155785922950804E-003  -18997.569898409016     
   3.6444732403688503E-003  -15155.588618901462     
   4.3733678884426202E-003  -12594.182231360093     
   5.1022625365163901E-003  -10764.555521020504     
   5.8311571845901600E-003  -9392.3153325035491     
   6.5600518326639299E-003  -8325.0124153798406     
   7.2889464807376998E-003  -7471.1821425072367     
   8.0178411288114697E-003  -6772.6121461862904     
   8.7467357768852404E-003  -6190.4996975412269     
   9.4756304249590112E-003  -5697.9740672082826     
   1.0204525073032782E-002  -5275.8478773119359     
   1.0933419721106553E-002  -4910.0429419935890     
   1.1662314369180323E-002  -4590.0067837819443     
   1.2391209017254094E-002  -4307.6633284874706     
   1.3120103665327865E-002  -4056.7366208972744     
   1.3848998313401636E-002  -3832.2655976145538     
   1.4577892961475407E-002  -3630.2873916794201     
   1.5306787609549177E-002  -3447.5874551168590     
   1.6035682257622946E-002  -3281.5416955376136     
   1.6764576905696715E-002  -3129.9759845935919     
   1.7493471553770484E-002  -2991.0845570600659     
   1.8222366201844253E-002  -2863.3443133390224     
   1.8951260849918022E-002  -2745.4724346610678     
   1.9680155497991791E-002  -2636.3698526400453     
   2.0409050146065560E-002  -2535.1005743328237     
   2.1137944794139329E-002  -2440.8515425629721     
   2.1866839442213098E-002  -2352.9240491857827     
   2.2595734090286868E-002  -2270.7034378745225     
   2.3324628738360637E-002  -2193.6578948670190     
   2.4053523386434406E-002  -2121.3138433235858     
   2.4782418034508175E-002  -2053.2596632400059     
   2.5511312682581944E-002  -1989.1243383830458     
   2.6240207330655713E-002  -1928.5844184221012     
   2.6969101978729482E-002  -1871.3451851823197     
   2.7697996626803251E-002  -1817.1488711678169     
   2.8426891274877020E-002  -1765.7583788357708     
   2.9155785922950789E-002  -1716.9658633342731     
   3.0613575219098330E-002  -1626.4263978701420     
   3.2071364515245872E-002  -1544.2138443744266     
   3.3529153811393410E-002  -1469.2403159085550     
   3.4986943107540948E-002  -1400.5991362950381     
   3.6444732403688486E-002  -1337.5283379627163     
   3.7902521699836024E-002  -1279.3836935407091     
   3.9360310995983562E-002  -1225.6161838956882     
   4.0818100292131100E-002  -1175.7554742454920     
   4.2275889588278638E-002  -1129.3950475969064     
   4.3733678884426176E-002  -1086.1840035316843     
   4.5191468180573714E-002  -1045.8165127665275     
   4.6649257476721252E-002  -1008.0240072623999     
   4.8107046772868790E-002  -972.57166334107092     
   4.9564836069016328E-002  -939.25233440400280     
   5.1022625365163866E-002  -907.88124291777274     
   5.2480414661311404E-002  -878.29635949715350     
   5.3938203957458943E-002  -850.35094565732572     
   5.5395993253606481E-002  -823.91577104713429     
   5.6853782549754019E-002  -798.87341471270179     
   5.8311571845901557E-002  -775.11923912487941     
   5.9769361142049095E-002  -752.55814730606437     
   6.1227150438196633E-002  -731.10472734663711     
   6.2684939734344178E-002  -710.68093320791456     
   6.4142729030491716E-002  -691.21655350216236     
   6.5600518326639254E-002  -672.64675891255263     
   6.7058307622786792E-002  -654.91336821107257     
   6.8516096918934330E-002  -637.96217351860469     
   6.9973886215081868E-002  -621.74430791330633     
   7.1431675511229406E-002  -606.21441635220253     
   7.2889464807376944E-002  -591.33088525530775     
   7.4347254103524482E-002  -577.05545588834002     
   7.5805043399672020E-002  -563.35272934357249     
   7.7262832695819558E-002  -550.18990340090409     
   7.8720621991967096E-002  -537.53678952677558     
   8.0178411288114634E-002  -525.36526757645584     
   8.1636200584262172E-002  -513.64899351280781     
   8.3093989880409710E-002  -502.36420513366517     
   8.4551779176557249E-002  -491.48779652746475     
   8.6009568472704787E-002  -480.99873908369801     
   8.7467357768852325E-002  -470.87785259112491     
   9.0382936361147401E-002  -451.66654338168968     
   9.3298514953442477E-002  -433.72113670690362     
   9.6214093545737553E-002  -416.92365562667828     
   9.9129672138032629E-002  -401.17093651614078     
  0.10204525073032771       -386.37186541615870     
  0.10496082932262278       -372.44424799270706     
  0.10787640791491786       -359.31713997054266     
  0.11079198650721293       -346.92424672495008     
  0.11370756509950801       -335.20951781231128     
  0.11662314369180309       -324.11914924090212     
  0.11953872228409816       -313.60795578448642     
  0.12245430087639324       -303.63211940767303     
  0.12536987946868833       -294.15492515588767     
  0.12828545806098340       -285.14023991735223     
  0.13120103665327848       -276.55765735529599     
  0.13411661524557356       -268.37753911793675     
  0.13703219383786863       -260.57413777029416     
  0.13994777243016371       -253.12320668808519     
  0.14286335102245878       -246.00254221269208     
  0.14577892961475386       -239.19230083009123     
  0.14869450820704894       -232.67327271415857     
  0.15161008679934401       -226.42871590399284     
  0.15452566539163909       -220.44236405035323     
  0.15744124398393416       -214.69976918039208     
  0.16035682257622924       -209.18696960790035     
  0.16327240116852432       -203.89171727218366     
  0.16618797976081939       -198.80176306058496     
  0.16910355835311447       -193.90650986952917     
  0.17201913694540955       -189.19553684822682     
  0.17493471553770462       -184.65946185523401     
  0.17785029412999970       -180.28898200963539     
  0.18076587272229477       -176.07648707591113     
  0.18368145131458985       -172.01335264545995     
  0.18659702990688493       -168.09273099299466     
  0.18951260849918000       -164.30764650259169     
  0.19242818709147508       -160.65193921046034     
  0.19534376568377015       -157.11854204568951     
  0.19825934427606523       -153.70306724006934     
  0.20117492286836031       -150.39940711784925     
  0.20409050146065538       -147.20241199079771     
  0.20992165864524553       -141.11043816746673     
  0.21575281582983569       -135.39161448515998     
  0.22158397301442584       -130.01533907979385     
  0.22741513019901599       -124.95250419537862     
  0.23324628738360614       -120.17907938497946     
  0.23907744456819630       -115.67118731223216     
  0.24490860175278645       -111.40958848563598     
  0.25073975893737660       -107.37481212028526     
  0.25657091612196675       -103.55102523528464     
  0.26240207330655690       -99.922594591686305     
  0.26823323049114706       -96.476009117090285     
  0.27406438767573721       -93.199029490012634     
  0.27989554486032736       -90.079697661276171     
  0.28572670204491751       -87.108566052807646     
  0.29155785922950767       -84.275179075841137     
  0.29738901641409782       -81.571760359489886     
  0.30322017359868797       -78.989822048689149     
  0.30905133078327812       -76.522392210158259     
  0.31488248796786827       -74.162419171847532     
  0.32071364515245843       -71.904210910121208     
  0.32654480233704858       -69.741390791081045     
  0.33237595952163873       -67.669105175812561     
  0.33820711670622888       -65.682333706418163     
  0.34403827389081904       -63.776403715642871     
  0.34986943107540919       -61.946544387109768     
  0.35570058825999934       -60.190052071125677     
  0.36153174544458949       -58.501575699974801     
  0.36736290262917964       -56.878354173967693     
  0.37319405981376980       -55.317377336059103     
  0.37902521699835995       -53.815031872731396     
  0.38485637418295010       -52.367844700050838     
  0.39068753136754025       -50.974589178532412     
  0.39651868855213040       -49.631232446186431     
  0.40234984573672056       -48.335793826890061     
  0.40818100292131071       -47.085786223792411     
  0.41401216010590086       -45.880007457324702     
  0.41984331729049101       -44.714813827500386     
  0.42567447447508117       -43.589215001204444     
  0.43150563165967132       -42.501472799569157     
  0.43733678884426147       -41.449917489825950     
  0.44899910321344177       -39.447109354178622     
  0.46066141758262208       -37.570798963710175     
  0.47232373195180238       -35.808819513789729     
  0.48398604632098269       -34.153487628773057     
  0.49564836069016299       -32.595159947401605     
  0.50731067505934335       -31.127571538382924     
  0.51897298942852366       -29.743279421054705     
  0.53063530379770396       -28.436831243748031     
  0.54229761816688427       -27.202637046136363     
  0.55395993253606457       -26.035736346222606     
  0.56562224690524487       -24.931970234644940     
  0.57728456127442518       -23.886855439518882     
  0.58894687564360548       -22.897091447646982     
  0.60060919001278579       -21.958854771521136     
  0.61227150438196609       -21.069303938319745     
  0.62393381875114640       -20.225140035664896     
  0.63559613312032670       -19.424183063500401     
  0.64725844748950701       -18.663122300924627     
  0.65892076185868731       -17.940450699085115     
  0.67058307622786761       -17.253380822009717     
  0.68224539059704792       -16.600065361024061     
  0.69390770496622822       -15.978481265029357     
  0.70557001933540853       -15.387311951088346     
  0.71723233370458883       -14.823880340699684     
  0.72889464807376914       -14.287779030467455     
  0.74055696244294944       -13.776733171229750     
  0.75221927681212974       -13.289611512347385     
  0.76388159118131005       -12.824930939995022     
  0.77554390555049035       -12.382128422786760     
  0.78720621991967066       -11.958916491782009     
  0.79886853428885096       -11.555317376489517     
  0.81053084865803127       -11.169566885055440     
  0.82219316302721157       -10.801331059481530     
  0.83385547739639188       -10.448784779673248     
  0.84551779176557218       -10.112218839013584     
  0.85718010613475248       -9.7898958635451052     
  0.86884242050393279       -9.4816797941478814     
  0.88050473487311309       -9.1861737970237733     
  0.89216704924229340       -8.9036843241753107     
  0.90382936361147370       -8.6326018064180960     
  0.92715399234983431       -8.1237279578343671     
  0.95047862108819492       -7.6556230668177037     
  0.97380324982655553       -7.2239898769648283     
  0.99712787856491614       -6.8256465362398107     
   1.0204525073032769       -6.4572693582542096     
   1.0437771360416375       -6.1161915320073073     
   1.0671017647799981       -5.7999045578327673     
   1.0904263935183587       -5.5061270882360125     
   1.1137510222567193       -5.2329623577340385     
   1.1370756509950799       -4.9785149098858472     
   1.1604002797334405       -4.7412254518639525     
   1.1837249084718011       -4.5197018074821660     
   1.2070495372101617       -4.3125449202673520     
   1.2303741659485223       -4.1186119029355224     
   1.2536987946868829       -3.9369409160592266     
   1.2770234234252436       -3.7663123970910326     
   1.3003480521636042       -3.6062498621408041     
   1.3236726809019648       -3.4556099053157232     
   1.3469973096403254       -3.3137772517312576     
   1.3703219383786860       -3.1803000208606202     
   1.3936465671170466       -3.0543627970237326     
   1.4169711958554072       -2.9353077531582157     
   1.4402958245937678       -2.8231598336942221     
   1.4636204533321284       -2.7168996684478306     
   1.4869450820704890       -2.6163162537980873     
   1.5102697108088496       -2.5212017509528306     
   1.5335943395472103       -2.4310485612609152     
   1.5569189682855709       -2.3453393086036312     
   1.5802435970239315       -2.2642064952819330     
   1.6035682257622921       -2.1870894666993461     
   1.6268928545006527       -2.1137595623986596     
   1.6502174832390133       -2.0438802449351927     
   1.6735421119773739       -1.9777055517981958     
   1.6968667407157345       -1.9144583780012521     
   1.7201913694540951       -1.8542019679414146     
   1.7435159981924557       -1.7967457877591106     
   1.7668406269308163       -1.7420953473620489     
   1.7901652556691769       -1.6897248021804032     
   1.8134898844075376       -1.6397433605190006     
   1.8368145131458982       -1.5920073377095800     
   1.8834637706226194       -1.5027153148997026     
   1.9301130280993406       -1.4208276959521045     
   1.9767622855760618       -1.3456903040837791     
   2.0234115430527830       -1.2764516249646054     
   2.0700608005295043       -1.2127136816627986     
   2.1167100580062255       -1.1536697426229461     
   2.1633593154829467       -1.0991869282577353     
   2.2100085729596679       -1.0485189394585801     
   2.2566578304363891       -1.0015265760662626     
   2.3033070879131103      -0.95775082429239844     
   2.3499563453898316      -0.91692406551608252     
   2.3966056028665528      -0.87886737297888162     
   2.4432548603432740      -0.84321753266309540     
   2.4899041178199952      -0.80989234453658332     
   2.5365533752967164      -0.77862930660265250     
   2.5832026327734376      -0.74925991146834969     
   2.6298518902501589      -0.72171012058939266     
   2.6765011477268801      -0.69577186917058176     
   2.7231504052036013      -0.67132853672247839     
   2.7697996626803225      -0.64833746208682486     
   2.8164489201570437      -0.62661980285576857     
   2.8630981776337650      -0.60613062335234780     
   2.9097474351104862      -0.58678976122074022     
   2.9563966925872074      -0.56851695201692498     
   3.0030459500639286      -0.55122406658480216     
   3.0496952075406498      -0.53490662218204177     
   3.0963444650173710      -0.51945200417961646     
   3.1429937224940923      -0.50484816592354131     
   3.1896429799708135      -0.49102856864803190     
   3.2362922374475347      -0.47797979396587459     
   3.2829414949242559      -0.46562538392133135     
   3.3295907524009771      -0.45397421058225962     
   3.3762400098776983      -0.44296122123822679     
   3.4228892673544196      -0.43259126005130571     
   3.4695385248311408      -0.42279954217106980     
 atom Ni   dist =  19.95551  coord =    0.00000   0.00000  19.95551
   7.2889464807377011E-004  -76621.688414285061     
   1.4577892961475402E-003  -38206.228666054012     
   2.1866839442213105E-003  -25400.621208965134     
   2.9155785922950804E-003  -18997.569899208633     
   3.6444732403688503E-003  -15155.588619701080     
   4.3733678884426202E-003  -12594.182232159714     
   5.1022625365163901E-003  -10764.555521820124     
   5.8311571845901600E-003  -9392.3153333031714     
   6.5600518326639299E-003  -8325.0124161794647     
   7.2889464807376998E-003  -7471.1821433068626     
   8.0178411288114697E-003  -6772.6121469859181     
   8.7467357768852404E-003  -6190.4996983408564     
   9.4756304249590112E-003  -5697.9740680079149     
   1.0204525073032782E-002  -5275.8478781115691     
   1.0933419721106553E-002  -4910.0429427932249     
   1.1662314369180323E-002  -4590.0067845815829     
   1.2391209017254094E-002  -4307.6633292871129     
   1.3120103665327865E-002  -4056.7366216969190     
   1.3848998313401636E-002  -3832.2655984142016     
   1.4577892961475407E-002  -3630.2873924790715     
   1.5306787609549177E-002  -3447.5874559165136     
   1.6035682257622946E-002  -3281.5416963372713     
   1.6764576905696715E-002  -3129.9759853932537     
   1.7493471553770484E-002  -2991.0845578597314     
   1.8222366201844253E-002  -2863.3443141386920     
   1.8951260849918022E-002  -2745.4724354607415     
   1.9680155497991791E-002  -2636.3698534397240     
   2.0409050146065560E-002  -2535.1005751325069     
   2.1137944794139329E-002  -2440.8515433626603     
   2.1866839442213098E-002  -2352.9240499854759     
   2.2595734090286868E-002  -2270.7034386742207     
   2.3324628738360637E-002  -2193.6578956667227     
   2.4053523386434406E-002  -2121.3138441232945     
   2.4782418034508175E-002  -2053.2596640397210     
   2.5511312682581944E-002  -1989.1243391827659     
   2.6240207330655713E-002  -1928.5844192218274     
   2.6969101978729482E-002  -1871.3451859820520     
   2.7697996626803251E-002  -1817.1488719675558     
   2.8426891274877020E-002  -1765.7583796355163     
   2.9155785922950789E-002  -1716.9658641340252     
   3.0613575219098330E-002  -1626.4263986699077     
   3.2071364515245872E-002  -1544.2138451742069     
   3.3529153811393410E-002  -1469.2403167083505     
   3.4986943107540948E-002  -1400.5991370948493     
   3.6444732403688486E-002  -1337.5283387625452     
   3.7902521699836024E-002  -1279.3836943405545     
   3.9360310995983562E-002  -1225.6161846955513     
   4.0818100292131100E-002  -1175.7554750453737     
   4.2275889588278638E-002  -1129.3950483968074     
   4.3733678884426176E-002  -1086.1840043316051     
   4.5191468180573714E-002  -1045.8165135664692     
   4.6649257476721252E-002  -1008.0240080623627     
   4.8107046772868790E-002  -972.57166414105552     
   4.9564836069016328E-002  -939.25233520401002     
   5.1022625365163866E-002  -907.88124371780339     
   5.2480414661311404E-002  -878.29636029720814     
   5.3938203957458943E-002  -850.35094645740503     
   5.5395993253606481E-002  -823.91577184723894     
   5.6853782549754019E-002  -798.87341551283191     
   5.8311571845901557E-002  -775.11923992503682     
   5.9769361142049095E-002  -752.55814810624884     
   6.1227150438196633E-002  -731.10472814684977     
   6.2684939734344178E-002  -710.68093400815587     
   6.4142729030491716E-002  -691.21655430243322     
   6.5600518326639254E-002  -672.64675971285340     
   6.7058307622786792E-002  -654.91336901140414     
   6.8516096918934330E-002  -637.96217431896775     
   6.9973886215081868E-002  -621.74430871370134     
   7.1431675511229406E-002  -606.21441715263029     
   7.2889464807376944E-002  -591.33088605576893     
   7.4347254103524482E-002  -577.05545668883542     
   7.5805043399672020E-002  -563.35273014410257     
   7.7262832695819558E-002  -550.18990420146952     
   7.8720621991967096E-002  -537.53679032737728     
   8.0178411288114634E-002  -525.36526837709414     
   8.1636200584262172E-002  -513.64899431348363     
   8.3093989880409710E-002  -502.36420593437924     
   8.4551779176557249E-002  -491.48779732822493     
   8.6009568472704787E-002  -480.99873988458768     
   8.7467357768852325E-002  -470.87785339214179     
   9.0382936361147401E-002  -451.66654418295462     
   9.3298514953442477E-002  -433.72113750840839     
   9.6214093545737553E-002  -416.92365642841560     
   9.9129672138032629E-002  -401.17093731810377     
  0.10204525073032771       -386.37186621834098     
  0.10496082932262278       -372.44424879525701     
  0.10787640791491786       -359.31714077345231     
  0.11079198650721293       -346.92424752820637     
  0.11370756509950801       -335.20951861590191     
  0.11662314369180309       -324.11915004481540     
  0.11953872228409816       -313.60795658871137     
  0.12245430087639324       -303.63212021219937     
  0.12536987946868833       -294.15492596070555     
  0.12828545806098340       -285.14024072245212     
  0.13120103665327848       -276.55765816066918     
  0.13411661524557356       -268.37753992357472     
  0.13703219383786863       -260.57413857618872     
  0.13994777243016371       -253.12320749422852     
  0.14286335102245878       -246.00254301907665     
  0.14577892961475386       -239.19230163670994     
  0.14869450820704894       -232.67327352100443     
  0.15161008679934401       -226.42871671105922     
  0.15452566539163909       -220.44236485763358     
  0.15744124398393416       -214.69976998788025     
  0.16035682257622924       -209.18697041559020     
  0.16327240116852432       -203.89171808006930     
  0.16618797976081939       -198.80176386866063     
  0.16910355835311447       -193.90651067778947     
  0.17201913694540955       -189.19553765666623     
  0.17493471553770462       -184.65946266384728     
  0.17785029412999970       -180.28898281841728     
  0.18076587272229477       -176.07648788485673     
  0.18368145131458985       -172.01335345456431     
  0.18659702990688493       -168.09273180225287     
  0.18951260849918000       -164.30764731199906     
  0.19242818709147508       -160.65194002001229     
  0.19534376568377015       -157.11854285538143     
  0.19825934427606523       -153.70306804989679     
  0.20117492286836031       -150.39940792780780     
  0.20409050146065538       -147.20241280088308     
  0.20992165864524553       -141.11043897779302     
  0.21575281582983569       -135.39161529571072     
  0.22158397301442584       -130.01533989055289     
  0.22741513019901599       -124.95250500633038     
  0.23324628738360614       -120.17908019610857     
  0.23907744456819630       -115.67118812352363     
  0.24490860175278645       -111.40958929707514     
  0.25073975893737660       -107.37481293185765     
  0.25657091612196675       -103.55102604697612     
  0.26240207330655690       -99.922595403482859     
  0.26823323049114706       -96.476009928978186     
  0.27406438767573721       -93.199030301923983     
  0.27989554486032736       -90.079698473150955     
  0.28572670204491751       -87.108566864637652     
  0.29155785922950767       -84.275179887559091     
  0.29738901641409782       -81.571761171028044     
  0.30322017359868797       -78.989822860046118     
  0.30905133078327812       -76.522393021333329     
  0.31488248796786827       -74.162419982840603     
  0.32071364515245843       -71.904211720932864     
  0.32654480233704858       -69.741391601712365     
  0.33237595952163873       -67.669105986265151     
  0.33820711670622888       -65.682334516694098     
  0.34403827389081904       -63.776404525744695     
  0.34986943107540919       -61.946545197040415     
  0.35570058825999934       -60.190052880888516     
  0.36153174544458949       -58.501576509573532     
  0.36736290262917964       -56.878354983406346     
  0.37319405981376980       -55.317378145342069     
  0.37902521699835995       -53.815032681863336     
  0.38485637418295010       -52.367845509036670     
  0.39068753136754025       -50.974589987377364     
  0.39651868855213040       -49.631233254895953     
  0.40234984573672056       -48.335794635469860     
  0.40818100292131071       -47.085787032248398     
  0.41401216010590086       -45.880008265662987     
  0.41984331729049101       -44.714814635727286     
  0.42567447447508117       -43.589215809326454     
  0.43150563165967132       -42.501473607592949     
  0.43733678884426147       -41.449918297758359     
  0.44899910321344177       -39.447110161949418     
  0.46066141758262208       -37.570799771378205     
  0.47232373195180238       -35.808820321465454     
  0.48398604632098269       -34.153488436597222     
  0.49564836069016299       -32.595160755428054     
  0.50731067505934335       -31.127572346619122     
  0.51897298942852366       -29.743280229504673     
  0.53063530379770396       -28.436832052412630     
  0.54229761816688427       -27.202637855013560     
  0.55395993253606457       -26.035737155307682     
  0.56562224690524487       -24.931971043930801     
  0.57728456127442518       -23.886856248996207     
  0.58894687564360548       -22.897092257304369     
  0.60060919001278579       -21.958855581345318     
  0.61227150438196609       -21.069304748295718     
  0.62393381875114640       -20.225140845776025     
  0.63559613312032670       -19.424183873728573     
  0.64725844748950701       -18.663123111230981     
  0.65892076185868731       -17.940451509395906     
  0.67058307622786761       -17.253381632216328     
  0.68224539059704792       -16.600066171083146     
  0.69390770496622822       -15.978482074933002     
  0.70557001933540853       -15.387312760831213     
  0.71723233370458883       -14.823881150278837     
  0.72889464807376914       -14.287779839882219     
  0.74055696244294944       -13.776733980481572     
  0.75221927681212974       -13.289612321439675     
  0.76388159118131005       -12.824931748933066     
  0.77554390555049035       -12.382129231577579     
  0.78720621991967066       -11.958917300434265     
  0.79886853428885096       -11.555318185013425     
  0.81053084865803127       -11.169567693462666     
  0.82219316302721157       -10.801331867785112     
  0.83385547739639188       -10.448785587901208     
  0.84551779176557218       -10.112219647219193     
  0.85718010613475248       -9.7898966718183491     
  0.86884242050393279       -9.4816806025251310     
  0.88050473487311309       -9.1861746055120967     
  0.89216704924229340       -8.9036851327797386     
  0.90382936361147370       -8.6326026151417175     
  0.92715399234983431       -8.1237287667984468     
  0.95047862108819492       -7.6556238760138084     
  0.97380324982655553       -7.2239906863722076     
  0.99712787856491614       -6.8256473458265914     
   1.0204525073032769       -6.4572701679683302     
   1.0437771360416375       -6.1161923416670891     
   1.0671017647799981       -5.7999053672887451     
   1.0904263935183587       -5.5061278974679766     
   1.1137510222567193       -5.2329631667343675     
   1.1370756509950799       -4.9785157186584463     
   1.1604002797334405       -4.7412262604232911     
   1.1837249084718011       -4.5197026158524416     
   1.2070495372101617       -4.3125457284893223     
   1.2303741659485223       -4.1186127111591135     
   1.2536987946868829       -3.9369417244167977     
   1.2770234234252436       -3.7663132055995718     
   1.3003480521636042       -3.6062506708063999     
   1.3236726809019648       -3.4556107141343264     
   1.3469973096403254       -3.3137780606894482     
   1.3703219383786860       -3.1803008299363809     
   1.3936465671170466       -3.0543636061810435     
   1.4169711958554072       -2.9353085613902543     
   1.4402958245937678       -2.8231606418659156     
   1.4636204533321284       -2.7169004765553937     
   1.4869450820704890       -2.6163170618397613     
   1.5102697108088496       -2.5212025589288745     
   1.5335943395472103       -2.4310493691731847     
   1.5569189682855709       -2.3453401164555761     
   1.5802435970239315       -2.2642073030831060     
   1.6035682257622921       -2.1870902744862657     
   1.6268928545006527       -2.1137603701765744     
   1.6502174832390133       -2.0438810527050491     
   1.6735421119773739       -1.9777063595595652     
   1.6968667407157345       -1.9144591857518718     
   1.7201913694540951       -1.8542027756776009     
   1.7435159981924557       -1.7967465954760424     
   1.7668406269308163       -1.7420961550502887     
   1.7901652556691769       -1.6897256098110427     
   1.8134898844075376       -1.6397441680871918     
   1.8368145131458982       -1.5920081452119159     
   1.8834637706226194       -1.5027161222636594     
   1.9301130280993406       -1.4208285031750683     
   1.9767622855760618       -1.3456911111903671     
   2.0234115430527830       -1.2764524319678894     
   2.0700608005295043       -1.2127144885543120     
   2.1167100580062255       -1.1536705493870187     
   2.1633593154829467       -1.0991877348593220     
   2.2100085729596679       -1.0485197458672513     
   2.2566578304363891       -1.0015273822689039     
   2.3033070879131103      -0.95775163027891075     
   2.3499563453898316      -0.91692487128960865     
   2.3966056028665528      -0.87886817853755117     
   2.4432548603432740      -0.84321833799153489     
   2.4899041178199952      -0.80989314961638448     
   2.5365533752967164      -0.77863011140580274     
   2.5832026327734376      -0.74926071596862120     
   2.6298518902501589      -0.72171092476729837     
   2.6765011477268801      -0.69577267300602363     
   2.7231504052036013      -0.67132934019830470     
   2.7697996626803225      -0.64833826518305848     
   2.8164489201570437      -0.62662060554661458     
   2.8630981776337650      -0.60613142561038069     
   2.9097474351104862      -0.58679056301838517     
   2.9563966925872074      -0.56851775332517540     
   3.0030459500639286      -0.55122486737250254     
   3.0496952075406498      -0.53490742241621070     
   3.0963444650173710      -0.51945280382100167     
   3.1429937224940923      -0.50484896493082143     
   3.1896429799708135      -0.49102936698179117     
   3.2362922374475347      -0.47798059158596401     
   3.2829414949242559      -0.46562618079403656     
   3.3295907524009771      -0.45397500667136170     
   3.3762400098776983      -0.44296201649952255     
   3.4228892673544196      -0.43259205443605353     
   3.4695385248311408      -0.42280033561929775     
 atom Ni   dist =  26.60734  coord =    0.00000   0.00000  26.60734
   7.2889464807377011E-004  -76621.688474155220     
   1.4577892961475402E-003  -38206.228725924120     
   2.1866839442213105E-003  -25400.621268835144     
   2.9155785922950804E-003  -18997.569959078501     
   3.6444732403688503E-003  -15155.588679570777     
   4.3733678884426202E-003  -12594.182292029196     
   5.1022625365163901E-003  -10764.555581689357     
   5.8311571845901600E-003  -9392.3153931721135     
   6.5600518326639299E-003  -8325.0124760480758     
   7.2889464807376998E-003  -7471.1822031751062     
   8.0178411288114697E-003  -6772.6122068537561     
   8.7467357768852404E-003  -6190.4997582082497     
   9.4756304249590112E-003  -5697.9741278748243     
   1.0204525073032782E-002  -5275.8479379779565     
   1.0933419721106553E-002  -4910.0430026590502     
   1.1662314369180323E-002  -4590.0068444468097     
   1.2391209017254094E-002  -4307.6633891517004     
   1.3120103665327865E-002  -4056.7366815608311     
   1.3848998313401636E-002  -3832.2656582773980     
   1.4577892961475407E-002  -3630.2874523415135     
   1.5306787609549177E-002  -3447.5875157781634     
   1.6035682257622946E-002  -3281.5417561980898     
   1.6764576905696715E-002  -3129.9760452532023     
   1.7493471553770484E-002  -2991.0846177187709     
   1.8222366201844253E-002  -2863.3443739967847     
   1.8951260849918022E-002  -2745.4724953178484     
   1.9680155497991791E-002  -2636.3699132958063     
   2.0409050146065560E-002  -2535.1006349875265     
   2.1137944794139329E-002  -2440.8516032165776     
   2.1866839442213098E-002  -2352.9241098382531     
   2.2595734090286868E-002  -2270.7034985258188     
   2.3324628738360637E-002  -2193.6579555171029     
   2.4053523386434406E-002  -2121.3139039724188     
   2.4782418034508175E-002  -2053.2597238875501     
   2.5511312682581944E-002  -1989.1243990292617     
   2.6240207330655713E-002  -1928.5844790669507     
   2.6969101978729482E-002  -1871.3452458257646     
   2.7697996626803251E-002  -1817.1489318098184     
   2.8426891274877020E-002  -1765.7584394762912     
   2.9155785922950789E-002  -1716.9659239732732     
   3.0613575219098330E-002  -1626.4264585059859     
   3.2071364515245872E-002  -1544.2139050069609     
   3.3529153811393410E-002  -1469.2403765376257     
   3.4986943107540948E-002  -1400.5991969204913     
   3.6444732403688486E-002  -1337.5283985844012     
   3.7902521699836024E-002  -1279.3837541584655     
   3.9360310995983562E-002  -1225.6162445093653     
   4.0818100292131100E-002  -1175.7555348549356     
   4.2275889588278638E-002  -1129.3951082019628     
   4.3733678884426176E-002  -1086.1840641321996     
   4.5191468180573714E-002  -1045.8165733623480     
   4.6649257476721252E-002  -1008.0240678533710     
   4.8107046772868790E-002  -972.57172392703887     
   4.9564836069016328E-002  -939.25239498481392     
   5.1022625365163866E-002  -907.88130349327309     
   5.2480414661311404E-002  -878.29642006718893     
   5.3938203957458943E-002  -850.35100622174275     
   5.5395993253606481E-002  -823.91583160577864     
   5.6853782549754019E-002  -798.87347526541771     
   5.8311571845901557E-002  -775.11929967151741     
   5.9769361142049095E-002  -752.55820784646812     
   6.1227150438196633E-002  -731.10478788065313     
   6.2684939734344178E-002  -710.68099373538905     
   6.4142729030491716E-002  -691.21661402294149     
   6.5600518326639254E-002  -672.64681942648269     
   6.7058307622786792E-002  -654.91342871799998     
   6.8516096918934330E-002  -637.96223401837563     
   6.9973886215081868E-002  -621.74436840576720     
   7.1431675511229406E-002  -606.21447683719987     
   7.2889464807376944E-002  -591.33094573268772     
   7.4347254103524482E-002  -577.05551635794939     
   7.5805043399672020E-002  -563.35278980525766     
   7.7262832695819558E-002  -550.18996385451135     
   7.8720621991967096E-002  -537.53684997215157     
   8.0178411288114634E-002  -525.36532801344708     
   8.1636200584262172E-002  -513.64905394126083     
   8.3093989880409710E-002  -502.36426555342649     
   8.4551779176557249E-002  -491.48785693676075     
   8.6009568472704787E-002  -480.99879946351120     
   8.7467357768852325E-002  -470.87791294199275     
   9.0382936361147401E-002  -451.66660367617436     
   9.3298514953442477E-002  -433.72119694685586     
   9.6214093545737553E-002  -416.92371581377876     
   9.9129672138032629E-002  -401.17099665191949     
  0.10204525073032771       -386.37192550201246     
  0.10496082932262278       -372.44430799497809     
  0.10787640791491786       -359.31719989096894     
  0.11079198650721293       -346.92430656651828     
  0.11370756509950801       -335.20957757782543     
  0.11662314369180309       -324.11920893300226     
  0.11953872228409816       -313.60801540566416     
  0.12245430087639324       -303.63217896028607     
  0.12536987946868833       -294.15498464217205     
  0.12828545806098340       -285.14029933943340     
  0.13120103665327848       -276.55771671519892     
  0.13411661524557356       -268.37759841759424     
  0.13703219383786863       -260.57419701155510     
  0.13994777243016371       -253.12326587272256     
  0.14286335102245878       -246.00260134242248     
  0.14577892961475386       -239.19235990654983     
  0.14869450820704894       -232.67333173892047     
  0.15161008679934401       -226.42877487857780     
  0.15452566539163909       -220.44242297622958     
  0.15744124398393416       -214.69982805898115     
  0.16035682257622924       -209.18702844057927     
  0.16327240116852432       -203.89177606028883     
  0.16618797976081939       -198.80182180541482     
  0.16910355835311447       -193.90656857234691     
  0.17201913694540955       -189.19559551026256     
  0.17493471553770462       -184.65952047768727     
  0.17785029412999970       -180.28904059367682     
  0.18076587272229477       -176.07654562268473     
  0.18368145131458985       -172.01341115608443     
  0.18659702990688493       -168.09278946856512     
  0.18951260849918000       -164.30770494418118     
  0.19242818709147508       -160.65199761912112     
  0.19534376568377015       -157.11860042245416     
  0.19825934427606523       -153.70312558595217     
  0.20117492286836031       -150.39946543384721     
  0.20409050146065538       -147.20247027789142     
  0.20992165864524553       -141.11049639963281     
  0.21575281582983569       -135.39167266614649     
  0.22158397301442584       -130.01539721324730     
  0.22741513019901599       -124.95256228485445     
  0.23324628738360614       -120.17913743395098     
  0.23907744456819630       -115.67124532411982     
  0.24490860175278645       -111.40964646377185     
  0.25073975893737660       -107.37487006793970     
  0.25657091612196675       -103.55108315567273     
  0.26240207330655690       -99.922652487972655     
  0.26823323049114706       -96.476066992393413     
  0.27406438767573721       -93.199087359728424     
  0.27989554486032736       -90.079755539018095     
  0.28572670204491751       -87.108623940438022     
  0.29155785922950767       -84.275236988676809     
  0.29738901641409782       -81.571818312955713     
  0.30322017359868797       -78.989880043095923     
  0.30905133078327812       -76.522450245658746     
  0.31488248796786827       -74.162477248448283     
  0.32071364515245843       -71.904269027693303     
  0.32654480233704858       -69.741448949369726     
  0.33237595952163873       -67.669163374446214     
  0.33820711670622888       -65.682391944916446     
  0.34403827389081904       -63.776461993424100     
  0.34986943107540919       -61.946602703497774     
  0.35570058825999934       -60.190110425356266     
  0.36153174544458949       -58.501634091201090     
  0.36736290262917964       -56.878412601265680     
  0.37319405981376980       -55.317435798432733     
  0.37902521699835995       -53.815090369116483     
  0.38485637418295010       -52.367903229319502     
  0.39068753136754025       -50.974647739497222     
  0.39651868855213040       -49.631291037603347     
  0.40234984573672056       -48.335852447461818     
  0.40818100292131071       -47.085844872171883     
  0.41401216010590086       -45.880066132117669     
  0.41984331729049101       -44.714872527267502     
  0.42567447447508117       -43.589273724464178     
  0.43150563165967132       -42.501531544800535     
  0.43733678884426147       -41.449976255469700     
  0.44899910321344177       -39.447168155827207     
  0.46066141758262208       -37.570857787999564     
  0.47232373195180238       -35.808878335673704     
  0.48398604632098269       -34.153546416119831     
  0.49564836069016299       -32.595218687906709     
  0.50731067505934335       -31.127630230317717     
  0.51897298942852366       -29.743338063467458     
  0.53063530379770396       -28.436889836406475     
  0.54229761816688427       -27.202695589472508     
  0.55395993253606457       -26.035794841269297     
  0.56562224690524487       -24.932028682986182     
  0.57728456127442518       -23.886913843245189     
  0.58894687564360548       -22.897149809315255     
  0.60060919001278579       -21.958913094118298     
  0.61227150438196609       -21.069362225220946     
  0.62393381875114640       -20.225198290612447     
  0.63559613312032670       -19.424241290586586     
  0.64725844748950701       -18.663180508930338     
  0.65892076185868731       -17.940508904675639     
  0.67058307622786761       -17.253439049962427     
  0.68224539059704792       -16.600123621200339     
  0.69390770496622822       -15.978539559201174     
  0.70557001933540853       -15.387370280440294     
  0.71723233370458883       -14.823938705867054     
  0.72889464807376914       -14.287837431572090     
  0.74055696244294944       -13.776791607912175     
  0.75221927681212974       -13.289669983796315     
  0.76388159118131005       -12.824989444976190     
  0.77554390555049035       -12.382186959667933     
  0.78720621991967066       -11.958975058556284     
  0.79886853428885096       -11.555375970798378     
  0.81053084865803127       -11.169625504208975     
  0.82219316302721157       -10.801389700476996     
  0.83385547739639188       -10.448843436129613     
  0.84551779176557218       -10.112277498863861     
  0.85718010613475248       -9.7899545061772582     
  0.86884242050393279       -9.4817384112080152     
  0.88050473487311309       -9.1862323868616933     
  0.89216704924229340       -8.9037428856098249     
  0.90382936361147370       -8.6326603387071046     
  0.92715399234983431       -8.1237864312383365     
  0.95047862108819492       -7.6556814830870739     
  0.97380324982655553       -7.2240482406381856     
  0.99712787856491614       -6.8257048543975829     
   1.0204525073032769       -6.4573276425230572     
   1.0437771360416375       -6.1162498234554761     
   1.0671017647799981       -5.7999628904271407     
   1.0904263935183587       -5.5061854663486933     
   1.1137510222567193       -5.2330207828586257     
   1.1370756509950799       -4.9785733808785659     
   1.1604002797334405       -4.7412839651614451     
   1.1837249084718011       -4.5197603573008660     
   1.2070495372101617       -4.3126034970663625     
   1.2303741659485223       -4.1186704723872420     
   1.2536987946868829       -3.9369994475456513     
   1.2770234234252436       -3.7663708863998417     
   1.3003480521636042       -3.6063083075454521     
   1.3236726809019648       -3.4556683073819809     
   1.3469973096403254       -3.3138356131492772     
   1.3703219383786860       -3.1803583462833007     
   1.3936465671170466       -3.0544210942422358     
   1.4169711958554072       -2.9353662525463244     
   1.4402958245937678       -2.8232183363284524     
   1.4636204533321284       -2.7169581747439984     
   1.4869450820704890       -2.6163747637096462     
   1.5102697108088496       -2.5212602640177715     
   1.5335943395472103       -2.4311070766074652     
   1.5569189682855709       -2.3453978249897132     
   1.5802435970239315       -2.2642650101474762     
   1.6035682257622921       -2.1871479714899849     
   1.6268928545006527       -2.1138180554046229     
   1.6502174832390133       -2.0439387254454604     
   1.6735421119773739       -1.9777640194697652     
   1.6968667407157345       -1.9145168327867770     
   1.7201913694540951       -1.8542604100980387     
   1.7435159981924557       -1.7968042178507948     
   1.7668406269308163       -1.7421537669493401     
   1.7901652556691769       -1.6897832170592817     
   1.8134898844075376       -1.6398017711420745     
   1.8368145131458982       -1.5920657442821184     
   1.8834637706226194       -1.5027737129353178     
   1.9301130280993406       -1.4208860833948234     
   1.9767622855760618       -1.3457486729079120     
   2.0234115430527830       -1.2765099694428828     
   2.0700608005295043       -1.2127720006760603     
   2.1167100580062255       -1.1537280362280458     
   2.1633593154829467       -1.0992452009174709     
   2.2100085729596679       -1.0485771940647457     
   2.2566578304363891       -1.0015848117357624     
   2.3033070879131103      -0.95780903907707882     
   2.3499563453898316      -0.91698225453609061     
   2.3966056028665528      -0.87892553225211001     
   2.4432548603432740      -0.84327566041473656     
   2.4899041178199952      -0.80995043948631740     
   2.5365533752967164      -0.77868736888858248     
   2.5832026327734376      -0.74931794036802279     
   2.6298518902501589      -0.72176811390754270     
   2.6765011477268801      -0.69582982417919725     
   2.7231504052036013      -0.67138645010501041     
   2.7697996626803225      -0.64839533075224609     
   2.8164489201570437      -0.62667762379506042     
   2.8630981776337650      -0.60618839320677265     
   2.9097474351104862      -0.58684747635341195     
   2.9563966925872074      -0.56857460810890070     
   3.0030459500639286      -0.55128165926851391     
   3.0496952075406498      -0.53496414703739803     
   3.0963444650173710      -0.51950945765788825     
   3.1429937224940923      -0.50490554413671296     
   3.1896429799708135      -0.49108586644286040     
   3.2362922374475347      -0.47803700541660066     
   3.2829414949242559      -0.46568250110034493     
   3.3295907524009771      -0.45403122526452594     
   3.3762400098776983      -0.44301812614197145     
   3.4228892673544196      -0.43264804793049899     
   3.4695385248311408      -0.42285620789120759     
 atom Ni   dist =  33.25918  coord =    0.00000   0.00000  33.25918
   7.2889464807377011E-004  -76621.687899129640     
   1.4577892961475402E-003  -38206.228150895811     
   2.1866839442213105E-003  -25400.620693804263     
   2.9155785922950804E-003  -18997.569384044968     
   3.6444732403688503E-003  -15155.588104534445     
   4.3733678884426202E-003  -12594.181716989886     
   5.1022625365163901E-003  -10764.555006646873     
   5.8311571845901600E-003  -9392.3148181262441     
   6.5600518326639299E-003  -8325.0119009986083     
   7.2889464807376998E-003  -7471.1816281218189     
   8.0178411288114697E-003  -6772.6116317964206     
   8.7467357768852404E-003  -6190.4991831466386     
   9.4756304249590112E-003  -5697.9735528087049     
   1.0204525073032782E-002  -5275.8473629070932     
   1.0933419721106553E-002  -4910.0424275832056     
   1.1662314369180323E-002  -4590.0062693657410     
   1.2391209017254094E-002  -4307.6628140651674     
   1.3120103665327865E-002  -4056.7361064685892     
   1.3848998313401636E-002  -3832.2650831791998     
   1.4577892961475407E-002  -3630.2868772371107     
   1.5306787609549177E-002  -3447.5869406673046     
   1.6035682257622946E-002  -3281.5411810805240     
   1.6764576905696715E-002  -3129.9754701286738     
   1.7493471553770484E-002  -2991.0840425870242     
   1.8222366201844253E-002  -2863.3437988575606     
   1.8951260849918022E-002  -2745.4719201708876     
   1.9680155497991791E-002  -2636.3693381408461     
   2.0409050146065560E-002  -2535.1000598243031     
   2.1137944794139329E-002  -2440.8510280448254     
   2.1866839442213098E-002  -2352.9235346577038     
   2.2595734090286868E-002  -2270.7029233362032     
   2.3324628738360637E-002  -2193.6573803181491     
   2.4053523386434406E-002  -2121.3133287638525     
   2.4782418034508175E-002  -2053.2591486690967     
   2.5511312682581944E-002  -1989.1238238006429     
   2.6240207330655713E-002  -1928.5839038278878     
   2.6969101978729482E-002  -1871.3446705759761     
   2.7697996626803251E-002  -1817.1483565490209     
   2.8426891274877020E-002  -1765.7578642042001     
   2.9155785922950789E-002  -1716.9653486896007     
   3.0613575219098330E-002  -1626.4258831982847     
   3.2071364515245872E-002  -1544.2133296740619     
   3.3529153811393410E-002  -1469.2398011783480     
   3.4986943107540948E-002  -1400.5986215336397     
   3.6444732403688486E-002  -1337.5278231687651     
   3.7902521699836024E-002  -1279.3831787198646     
   3.9360310995983562E-002  -1225.6156690463176     
   4.0818100292131100E-002  -1175.7549593657118     
   4.2275889588278638E-002  -1129.3945326848541     
   4.3733678884426176E-002  -1086.1834885855417     
   4.5191468180573714E-002  -1045.8159977845185     
   4.6649257476721252E-002  -1008.0234922427566     
   4.8107046772868790E-002  -972.57114828206898     
   4.9564836069016328E-002  -939.25181930395809     
   5.1022625365163866E-002  -907.88072777500372     
   5.2480414661311404E-002  -878.29584431004901     
   5.3938203957458943E-002  -850.35043042427276     
   5.5395993253606481E-002  -823.91525576658853     
   5.6853782549754019E-002  -798.87289938355252     
   5.8311571845901557E-002  -775.11872375568498     
   5.9769361142049095E-002  -752.55763189486424     
   6.1227150438196633E-002  -731.10421189155545     
   6.2684939734344178E-002  -710.68041770713012     
   6.4142729030491716E-002  -691.21603795394583     
   6.5600518326639254E-002  -672.64624331521679     
   6.7058307622786792E-002  -654.91285256303206     
   6.8516096918934330E-002  -637.96165781831132     
   6.9973886215081868E-002  -621.74379215930367     
   7.1431675511229406E-002  -606.21390054308836     
   7.2889464807376944E-002  -591.33036938974305     
   7.4347254103524482E-002  -577.05493996504811     
   7.5805043399672020E-002  -563.35221336133600     
   7.7262832695819558E-002  -550.18938735854545     
   7.8720621991967096E-002  -537.53627342318134     
   8.0178411288114634E-002  -525.36475141054734     
   8.1636200584262172E-002  -513.64847728352834     
   8.3093989880409710E-002  -502.36368884003338     
   8.4551779176557249E-002  -491.48728016686619     
   8.6009568472704787E-002  -480.99822263628812     
   8.7467357768852325E-002  -470.87733605670087     
   9.0382936361147401E-002  -451.66602667234520     
   9.3298514953442477E-002  -433.72061982149165     
   9.6214093545737553E-002  -416.92313856375495     
   9.9129672138032629E-002  -401.17041927408729     
  0.10204525073032771       -386.37134799315305     
  0.10496082932262278       -372.44373035161891     
  0.10787640791491786       -359.31662210968074     
  0.11079198650721293       -346.92372864347487     
  0.11370756509950801       -335.20899950932181     
  0.11662314369180309       -324.11863071489711     
  0.11953872228409816       -313.60743703393683     
  0.12245430087639324       -303.63160043051823     
  0.12536987946868833       -294.15440595009511     
  0.12828545806098340       -285.13972048039994     
  0.13120103665327848       -276.55713768089470     
  0.13411661524557356       -268.37701919939747     
  0.13703219383786863       -260.57361760508968     
  0.13994777243016371       -253.12268627349107     
  0.14286335102245878       -246.00202154587129     
  0.14577892961475386       -239.19177990813623     
  0.14869450820704894       -232.67275153397708     
  0.15161008679934401       -226.42819446046039     
  0.15452566539163909       -220.44184233850032     
  0.15744124398393416       -214.69924719705341     
  0.16035682257622924       -209.18644734984071     
  0.16327240116852432       -203.89119473612672     
  0.16618797976081939       -198.80124024316075     
  0.16910355835311447       -193.90598676730261     
  0.17201913694540955       -189.19501345776698     
  0.17493471553770462       -184.65893817297126     
  0.17785029412999970       -180.28845803195969     
  0.18076587272229477       -176.07596279924951     
  0.18368145131458985       -172.01282806607284     
  0.18659702990688493       -168.09220610707490     
  0.18951260849918000       -164.30712130643604     
  0.19242818709147508       -160.65141370022678     
  0.19534376568377015       -157.11801621729731     
  0.19825934427606523       -153.70254108969701     
  0.20117492286836031       -150.39888064157375     
  0.20409050146065538       -147.20188518433361     
  0.20992165864524553       -141.10991068852201     
  0.21575281582983569       -135.39108631674463     
  0.22158397301442584       -130.01481020495112     
  0.22741513019901599       -124.95197459928487     
  0.23324628738360614       -120.17854905096762     
  0.23907744456819630       -115.67065622131368     
  0.24490860175278645       -111.40905662231214     
  0.25073975893737660       -107.37427947290873     
  0.25657091612196675       -103.55049178409499     
  0.26240207330655690       -99.922060315991359     
  0.26823323049114706       -96.475473996391614     
  0.27406438767573721       -93.198493516089258     
  0.27989554486032736       -90.079160823804472     
  0.28572670204491751       -87.108028330775895     
  0.29155785922950767       -84.274640461167891     
  0.29738901641409782       -81.571220845551395     
  0.30322017359868797       -78.989281614251809     
  0.30905133078327812       -76.521850834567203     
  0.31488248796786827       -74.161876835515613     
  0.32071364515245843       -71.903667590808595     
  0.32654480233704858       -69.740846470034015     
  0.33237595952163873       -67.668559836861021     
  0.33820711670622888       -65.681787335019564     
  0.34403827389081904       -63.775856295527184     
  0.34986943107540919       -61.945995905965397     
  0.35570058825999934       -60.189502520232452     
  0.36153174544458949       -58.501025068659885     
  0.36736290262917964       -56.877802452957994     
  0.37319405981376980       -55.316824520174904     
  0.37902521699835995       -53.814477953431116     
  0.38485637418295010       -52.367289669457797     
  0.39068753136754025       -50.974033032453718     
  0.39651868855213040       -49.630675177509580     
  0.40234984573672056       -48.335235427344408     
  0.40818100292131071       -47.085226687023088     
  0.41401216010590086       -45.879446779021706     
  0.41984331729049101       -44.714251998020465     
  0.42567447447508117       -43.588652010633012     
  0.43150563165967132       -42.500908643108048     
  0.43733678884426147       -41.449352161743192     
  0.44899910321344177       -39.446541643875925     
  0.46066141758262208       -37.570228816506045     
  0.47232373195180238       -35.808246847530732     
  0.48398604632098269       -34.152912357315842     
  0.49564836069016299       -32.594581991116783     
  0.50731067505934335       -31.126990829075805     
  0.51897298942852366       -29.742695880918106     
  0.53063530379770396       -28.436244797657316     
  0.54229761816688427       -27.202047615858586     
  0.55395993253606457       -26.035143854754409     
  0.56562224690524487       -24.931374604129477     
  0.57728456127442518       -23.886256590635057     
  0.58894687564360548       -22.896489300983305     
  0.60060919001278579       -21.958249247417687     
  0.61227150438196609       -21.068694956086954     
  0.62393381875114640       -20.224527520792648     
  0.63559613312032670       -19.423566937817135     
  0.64725844748950701       -18.662502482593570     
  0.65892076185868731       -17.939827115244267     
  0.67058307622786761       -17.252753405960341     
  0.68224539059704792       -16.599434025675677     
  0.69390770496622822       -15.977845902733089     
  0.70557001933540853       -15.386672482079641     
  0.71723233370458883       -14.823236662627938     
  0.72889464807376914       -14.287131045396006     
  0.74055696244294944       -13.776080779043252     
  0.75221927681212974       -13.288954604959109     
  0.76388159118131005       -12.824269414811177     
  0.77554390555049035       -12.381462174462840     
  0.78720621991967066       -11.958245405178717     
  0.79886853428885096       -11.554641338034934     
  0.81053084865803127       -11.168885790254993     
  0.82219316302721157       -10.800644795677933     
  0.83385547739639188       -10.448093223297322     
  0.84551779176557218       -10.111521864123528     
  0.85718010613475248       -9.7891933323547633     
  0.86884242050393279       -9.4809715728482562     
  0.88050473487311309       -9.1854597608096356     
  0.89216704924229340       -8.9029643481491014     
  0.90382936361147370       -8.6318757625619238     
  0.92715399234983431       -8.1229893736244048     
  0.95047862108819492       -7.6548714081476348     
  0.97380324982655553       -7.2232245778074544     
  0.99712787856491614       -6.8248670277089261     
   1.0204525073032769       -6.4564750514916254     
   1.0437771360416375       -6.1153818384792213     
   1.0671017647799981       -5.7990788513601723     
   1.0904263935183587       -5.5052846874411703     
   1.1137510222567193       -5.2321025533780006     
   1.1370756509950799       -4.9776369592881222     
   1.1604002797334405       -4.7403285770114598     
   1.1837249084718011       -4.5187852154899320     
   1.2070495372101617       -4.3116077751137709     
   1.2303741659485223       -4.1176533152390915     
   1.2536987946868829       -3.9359599669660099     
   1.2770234234252436       -3.7653081408333002     
   1.3003480521636042       -3.6052213656058538     
   1.3236726809019648       -3.4545561673115990     
   1.3469973096403254       -3.3126972290078482     
   1.3703219383786860       -3.1791927198125305     
   1.3936465671170466       -3.0532271206937120     
   1.4169711958554072       -2.9341427812673553     
   1.4402958245937678       -2.8219642932146423     
   1.4636204533321284       -2.7156723318940830     
   1.4869450820704890       -2.6150558642473487     
   1.5102697108088496       -2.5199071506167767     
   1.5335943395472103       -2.4297184313779181     
   1.5569189682855709       -2.3439722799262195     
   1.5802435970239315       -2.2628013006495928     
   1.6035682257622921       -2.1856447468259290     
   1.6268928545006527       -2.1122738300600497     
   1.6502174832390133       -2.0423520289792059     
   1.6735421119773739       -1.9761335710127594     
   1.6968667407157345       -1.9128410281691404     
   1.7201913694540951       -1.8525376346324434     
   1.7435159981924557       -1.7950329971139150     
   1.7668406269308163       -1.7403325861148340     
   1.7901652556691769       -1.6879103310462091     
   1.8134898844075376       -1.6378754270078302     
   1.8368145131458982       -1.5900844117930233     
   1.8834637706226194       -1.5006770420917004     
   1.9301130280993406       -1.4186666744952772     
   1.9767622855760618       -1.3433990049740285     
   2.0234115430527830       -1.2740217838137522     
   2.0700608005295043       -1.2101370639876268     
   2.1167100580062255       -1.1509369460790648     
   2.1633593154829467       -1.0962890441188262     
   2.2100085729596679       -1.0454454294889339     
   2.2566578304363891      -0.99826709040407291     
   2.3033070879131103      -0.95429383023607006     
   2.3499563453898316      -0.91325740599834848     
   2.3966056028665528      -0.87497851542242222     
   2.4432548603432740      -0.83909241405551749     
   2.4899041178199952      -0.80551668401576426     
   2.5365533752967164      -0.77398745991557527     
   2.5832026327734376      -0.74433501665139845     
   2.6298518902501589      -0.71648511014685745     
   2.6765011477268801      -0.69022760698828822     
   2.7231504052036013      -0.66544486951262982     
   2.7697996626803225      -0.64209350006346688     
   2.8164489201570437      -0.61999263005486749     
   2.8630981776337650      -0.59909600868525525     
   2.9097474351104862      -0.57932247209063481     
   2.9563966925872074      -0.56058955100612307     
   3.0030459500639286      -0.54280733485077592     
   3.0496952075406498      -0.52597097931957593     
   3.0963444650173710      -0.50996438113714926     
   3.1429937224940923      -0.49477488005334957     
   3.1896429799708135      -0.48033314738740424     
   3.2362922374475347      -0.46662493428386759     
   3.2829414949242559      -0.45357024072479041     
   3.3295907524009771      -0.44117762601783939     
   3.3762400098776983      -0.42937862283798578     
   3.4228892673544196      -0.41817739399328224     
   3.4695385248311408      -0.40750546651453295     
