  core wf on lin-log mesh for hole            3
 0.440748E-05 0.860849E+00
 0.449686E-05 0.860903E+00
 0.458805E-05 0.860958E+00
 0.468108E-05 0.861013E+00
 0.477600E-05 0.861070E+00
 0.487285E-05 0.861128E+00
 0.497166E-05 0.861188E+00
 0.507248E-05 0.861248E+00
 0.517534E-05 0.861310E+00
 0.528028E-05 0.861373E+00
 0.538736E-05 0.861437E+00
 0.549660E-05 0.861503E+00
 0.560806E-05 0.861570E+00
 0.572178E-05 0.861638E+00
 0.583781E-05 0.861707E+00
 0.595619E-05 0.861779E+00
 0.607697E-05 0.861851E+00
 0.620020E-05 0.861925E+00
 0.632592E-05 0.862000E+00
 0.645420E-05 0.862077E+00
 0.658508E-05 0.862156E+00
 0.671861E-05 0.862236E+00
 0.685485E-05 0.862318E+00
 0.699385E-05 0.862401E+00
 0.713567E-05 0.862486E+00
 0.728037E-05 0.862573E+00
 0.742800E-05 0.862662E+00
 0.757863E-05 0.862752E+00
 0.773231E-05 0.862844E+00
 0.788910E-05 0.862938E+00
 0.804908E-05 0.863034E+00
 0.821230E-05 0.863132E+00
 0.837882E-05 0.863232E+00
 0.854873E-05 0.863334E+00
 0.872208E-05 0.863438E+00
 0.889895E-05 0.863544E+00
 0.907940E-05 0.863653E+00
 0.926351E-05 0.863763E+00
 0.945135E-05 0.863876E+00
 0.964301E-05 0.863991E+00
 0.983855E-05 0.864108E+00
 0.100381E-04 0.864228E+00
 0.102416E-04 0.864350E+00
 0.104493E-04 0.864475E+00
 0.106612E-04 0.864602E+00
 0.108774E-04 0.864732E+00
 0.110979E-04 0.864864E+00
 0.113230E-04 0.864999E+00
 0.115526E-04 0.865137E+00
 0.117868E-04 0.865277E+00
 0.120259E-04 0.865421E+00
 0.122697E-04 0.865567E+00
 0.125185E-04 0.865716E+00
 0.127724E-04 0.865869E+00
 0.130314E-04 0.866024E+00
 0.132956E-04 0.866183E+00
 0.135652E-04 0.866344E+00
 0.138403E-04 0.866510E+00
 0.141209E-04 0.866678E+00
 0.144073E-04 0.866850E+00
 0.146994E-04 0.867025E+00
 0.149975E-04 0.867204E+00
 0.153016E-04 0.867386E+00
 0.156119E-04 0.867573E+00
 0.159285E-04 0.867763E+00
 0.162515E-04 0.867956E+00
 0.165810E-04 0.868154E+00
 0.169173E-04 0.868356E+00
 0.172603E-04 0.868562E+00
 0.176103E-04 0.868772E+00
 0.179674E-04 0.868986E+00
 0.183317E-04 0.869205E+00
 0.187035E-04 0.869428E+00
 0.190827E-04 0.869655E+00
 0.194697E-04 0.869888E+00
 0.198645E-04 0.870125E+00
 0.202673E-04 0.870366E+00
 0.206783E-04 0.870613E+00
 0.210976E-04 0.870864E+00
 0.215254E-04 0.871121E+00
 0.219619E-04 0.871383E+00
 0.224072E-04 0.871650E+00
 0.228616E-04 0.871923E+00
 0.233252E-04 0.872201E+00
 0.237982E-04 0.872485E+00
 0.242808E-04 0.872775E+00
 0.247731E-04 0.873070E+00
 0.252755E-04 0.873372E+00
 0.257880E-04 0.873679E+00
 0.263109E-04 0.873993E+00
 0.268444E-04 0.874313E+00
 0.273888E-04 0.874640E+00
 0.279442E-04 0.874973E+00
 0.285108E-04 0.875313E+00
 0.290889E-04 0.875660E+00
 0.296788E-04 0.876014E+00
 0.302806E-04 0.876375E+00
 0.308946E-04 0.876743E+00
 0.315211E-04 0.877119E+00
 0.321603E-04 0.877503E+00
 0.328124E-04 0.877894E+00
 0.334778E-04 0.878294E+00
 0.341566E-04 0.878701E+00
 0.348493E-04 0.879116E+00
 0.355559E-04 0.879541E+00
 0.362769E-04 0.879973E+00
 0.370125E-04 0.880415E+00
 0.377631E-04 0.880865E+00
 0.385288E-04 0.881324E+00
 0.393101E-04 0.881793E+00
 0.401072E-04 0.882272E+00
 0.409205E-04 0.882760E+00
 0.417502E-04 0.883258E+00
 0.425968E-04 0.883766E+00
 0.434606E-04 0.884284E+00
 0.443419E-04 0.884813E+00
 0.452410E-04 0.885352E+00
 0.461584E-04 0.885903E+00
 0.470944E-04 0.886465E+00
 0.480493E-04 0.887038E+00
 0.490236E-04 0.887622E+00
 0.500177E-04 0.888219E+00
 0.510320E-04 0.888827E+00
 0.520668E-04 0.889448E+00
 0.531225E-04 0.890082E+00
 0.541997E-04 0.890728E+00
 0.552988E-04 0.891388E+00
 0.564201E-04 0.892061E+00
 0.575641E-04 0.892747E+00
 0.587314E-04 0.893448E+00
 0.599223E-04 0.894162E+00
 0.611374E-04 0.894891E+00
 0.623771E-04 0.895635E+00
 0.636419E-04 0.896394E+00
 0.649324E-04 0.897169E+00
 0.662491E-04 0.897959E+00
 0.675925E-04 0.898765E+00
 0.689631E-04 0.899587E+00
 0.703614E-04 0.900426E+00
 0.717882E-04 0.901283E+00
 0.732438E-04 0.902156E+00
 0.747290E-04 0.903047E+00
 0.762443E-04 0.903957E+00
 0.777904E-04 0.904884E+00
 0.793677E-04 0.905831E+00
 0.809771E-04 0.906797E+00
 0.826191E-04 0.907782E+00
 0.842944E-04 0.908787E+00
 0.860036E-04 0.909813E+00
 0.877475E-04 0.910859E+00
 0.895268E-04 0.911927E+00
 0.913421E-04 0.913016E+00
 0.931943E-04 0.914128E+00
 0.950840E-04 0.915262E+00
 0.970120E-04 0.916419E+00
 0.989791E-04 0.917599E+00
 0.100986E-03 0.918804E+00
 0.103034E-03 0.920032E+00
 0.105123E-03 0.921286E+00
 0.107255E-03 0.922565E+00
 0.109429E-03 0.923870E+00
 0.111648E-03 0.925202E+00
 0.113912E-03 0.926560E+00
 0.116222E-03 0.927946E+00
 0.118579E-03 0.929360E+00
 0.120983E-03 0.930803E+00
 0.123436E-03 0.932275E+00
 0.125939E-03 0.933777E+00
 0.128493E-03 0.935310E+00
 0.131098E-03 0.936873E+00
 0.133756E-03 0.938468E+00
 0.136468E-03 0.940096E+00
 0.139236E-03 0.941756E+00
 0.142059E-03 0.943450E+00
 0.144939E-03 0.945179E+00
 0.147878E-03 0.946942E+00
 0.150877E-03 0.948741E+00
 0.153936E-03 0.950573E+00
 0.157057E-03 0.952447E+00
 0.160242E-03 0.954366E+00
 0.163491E-03 0.956331E+00
 0.166806E-03 0.958341E+00
 0.170188E-03 0.960397E+00
 0.173639E-03 0.962502E+00
 0.177159E-03 0.964655E+00
 0.180752E-03 0.966858E+00
 0.184417E-03 0.969112E+00
 0.188156E-03 0.971417E+00
 0.191971E-03 0.973775E+00
 0.195863E-03 0.976186E+00
 0.199835E-03 0.978652E+00
 0.203886E-03 0.981174E+00
 0.208020E-03 0.983753E+00
 0.212238E-03 0.986389E+00
 0.216541E-03 0.989085E+00
 0.220932E-03 0.991841E+00
 0.225412E-03 0.994658E+00
 0.229982E-03 0.997538E+00
 0.234645E-03 0.100048E+01
 0.239403E-03 0.100349E+01
 0.244257E-03 0.100657E+01
 0.249209E-03 0.100971E+01
 0.254262E-03 0.101292E+01
 0.259417E-03 0.101620E+01
 0.264677E-03 0.101956E+01
 0.270043E-03 0.102298E+01
 0.275519E-03 0.102649E+01
 0.281105E-03 0.103006E+01
 0.286804E-03 0.103372E+01
 0.292619E-03 0.103745E+01
 0.298552E-03 0.104127E+01
 0.304605E-03 0.104516E+01
 0.310781E-03 0.104914E+01
 0.317082E-03 0.105321E+01
 0.323511E-03 0.105736E+01
 0.330070E-03 0.106160E+01
 0.336762E-03 0.106593E+01
 0.343590E-03 0.107035E+01
 0.350556E-03 0.107487E+01
 0.357663E-03 0.107948E+01
 0.364914E-03 0.108419E+01
 0.372313E-03 0.108900E+01
 0.379861E-03 0.109392E+01
 0.387562E-03 0.109893E+01
 0.395420E-03 0.110405E+01
 0.403437E-03 0.110928E+01
 0.411616E-03 0.111461E+01
 0.419961E-03 0.112006E+01
 0.428475E-03 0.112562E+01
 0.437162E-03 0.113130E+01
 0.446024E-03 0.113710E+01
 0.455067E-03 0.114301E+01
 0.464293E-03 0.114905E+01
 0.473705E-03 0.115521E+01
 0.483309E-03 0.116151E+01
 0.493107E-03 0.116793E+01
 0.503104E-03 0.117448E+01
 0.513303E-03 0.118117E+01
 0.523709E-03 0.118799E+01
 0.534326E-03 0.119496E+01
 0.545158E-03 0.120207E+01
 0.556210E-03 0.120933E+01
 0.567486E-03 0.121673E+01
 0.578990E-03 0.122428E+01
 0.590727E-03 0.123199E+01
 0.602702E-03 0.123986E+01
 0.614920E-03 0.124788E+01
 0.627385E-03 0.125607E+01
 0.640104E-03 0.126443E+01
 0.653079E-03 0.127295E+01
 0.666318E-03 0.128165E+01
 0.679825E-03 0.129052E+01
 0.693606E-03 0.129958E+01
 0.707666E-03 0.130881E+01
 0.722011E-03 0.131823E+01
 0.736646E-03 0.132784E+01
 0.751578E-03 0.133765E+01
 0.766813E-03 0.134765E+01
 0.782357E-03 0.135785E+01
 0.798215E-03 0.136826E+01
 0.814395E-03 0.137887E+01
 0.830902E-03 0.138970E+01
 0.847744E-03 0.140074E+01
 0.864927E-03 0.141201E+01
 0.882458E-03 0.142349E+01
 0.900345E-03 0.143521E+01
 0.918594E-03 0.144716E+01
 0.937212E-03 0.145934E+01
 0.956208E-03 0.147177E+01
 0.975589E-03 0.148445E+01
 0.995362E-03 0.149737E+01
 0.101554E-02 0.151055E+01
 0.103612E-02 0.152399E+01
 0.105712E-02 0.153770E+01
 0.107854E-02 0.155167E+01
 0.110040E-02 0.156592E+01
 0.112270E-02 0.158045E+01
 0.114546E-02 0.159527E+01
 0.116867E-02 0.161037E+01
 0.119235E-02 0.162577E+01
 0.121652E-02 0.164148E+01
 0.124117E-02 0.165748E+01
 0.126632E-02 0.167381E+01
 0.129199E-02 0.169044E+01
 0.131817E-02 0.170741E+01
 0.134488E-02 0.172470E+01
 0.137213E-02 0.174233E+01
 0.139994E-02 0.176030E+01
 0.142830E-02 0.177861E+01
 0.145725E-02 0.179729E+01
 0.148677E-02 0.181632E+01
 0.151690E-02 0.183572E+01
 0.154764E-02 0.185549E+01
 0.157899E-02 0.187564E+01
 0.161099E-02 0.189619E+01
 0.164363E-02 0.191712E+01
 0.167693E-02 0.193846E+01
 0.171091E-02 0.196020E+01
 0.174557E-02 0.198236E+01
 0.178093E-02 0.200494E+01
 0.181702E-02 0.202795E+01
 0.185383E-02 0.205140E+01
 0.189138E-02 0.207530E+01
 0.192970E-02 0.209964E+01
 0.196879E-02 0.212445E+01
 0.200868E-02 0.214973E+01
 0.204937E-02 0.217548E+01
 0.209088E-02 0.220172E+01
 0.213323E-02 0.222846E+01
 0.217644E-02 0.225569E+01
 0.222053E-02 0.228344E+01
 0.226551E-02 0.231171E+01
 0.231139E-02 0.234050E+01
 0.235821E-02 0.236983E+01
 0.240597E-02 0.239971E+01
 0.245470E-02 0.243014E+01
 0.250441E-02 0.246114E+01
 0.255513E-02 0.249271E+01
 0.260688E-02 0.252486E+01
 0.265967E-02 0.255761E+01
 0.271353E-02 0.259096E+01
 0.276848E-02 0.262492E+01
 0.282454E-02 0.265951E+01
 0.288173E-02 0.269472E+01
 0.294008E-02 0.273059E+01
 0.299961E-02 0.276710E+01
 0.306035E-02 0.280428E+01
 0.312231E-02 0.284213E+01
 0.318552E-02 0.288066E+01
 0.325001E-02 0.291990E+01
 0.331581E-02 0.295984E+01
 0.338293E-02 0.300049E+01
 0.345141E-02 0.304188E+01
 0.352128E-02 0.308400E+01
 0.359256E-02 0.312688E+01
 0.366527E-02 0.317051E+01
 0.373946E-02 0.321492E+01
 0.381514E-02 0.326012E+01
 0.389236E-02 0.330611E+01
 0.397113E-02 0.335291E+01
 0.405149E-02 0.340053E+01
 0.413348E-02 0.344899E+01
 0.421712E-02 0.349828E+01
 0.430245E-02 0.354843E+01
 0.438951E-02 0.359946E+01
 0.447832E-02 0.365136E+01
 0.456892E-02 0.370415E+01
 0.466136E-02 0.375785E+01
 0.475566E-02 0.381246E+01
 0.485186E-02 0.386801E+01
 0.495000E-02 0.392449E+01
 0.505012E-02 0.398193E+01
 0.515227E-02 0.404033E+01
 0.525647E-02 0.409971E+01
 0.536278E-02 0.416009E+01
 0.547123E-02 0.422146E+01
 0.558187E-02 0.428385E+01
 0.569473E-02 0.434727E+01
 0.580988E-02 0.441172E+01
 0.592734E-02 0.447724E+01
 0.604717E-02 0.454381E+01
 0.616942E-02 0.461146E+01
 0.629413E-02 0.468020E+01
 0.642136E-02 0.475002E+01
 0.655114E-02 0.482099E+01
 0.668355E-02 0.489305E+01
 0.681861E-02 0.496626E+01
 0.695640E-02 0.504061E+01
 0.709697E-02 0.511611E+01
 0.724036E-02 0.519280E+01
 0.738664E-02 0.527065E+01
 0.753586E-02 0.534970E+01
 0.768809E-02 0.542995E+01
 0.784338E-02 0.551139E+01
 0.800180E-02 0.559409E+01
 0.816340E-02 0.567798E+01
 0.832825E-02 0.576313E+01
 0.849642E-02 0.584952E+01
 0.866796E-02 0.593716E+01
 0.884296E-02 0.602609E+01
 0.902147E-02 0.611626E+01
 0.920357E-02 0.620774E+01
 0.938933E-02 0.630049E+01
 0.957882E-02 0.639451E+01
 0.977211E-02 0.648988E+01
 0.996929E-02 0.658651E+01
 0.101704E-01 0.668449E+01
 0.103756E-01 0.678376E+01
 0.105849E-01 0.688432E+01
 0.107984E-01 0.698627E+01
 0.110161E-01 0.708948E+01
 0.112383E-01 0.719405E+01
 0.114649E-01 0.729994E+01
 0.116960E-01 0.740712E+01
 0.119318E-01 0.751570E+01
 0.121723E-01 0.762553E+01
 0.124176E-01 0.773673E+01
 0.126678E-01 0.784924E+01
 0.129230E-01 0.796302E+01
 0.131834E-01 0.807819E+01
 0.134489E-01 0.819459E+01
 0.137198E-01 0.831234E+01
 0.139960E-01 0.843136E+01
 0.142778E-01 0.855161E+01
 0.145653E-01 0.867323E+01
 0.148584E-01 0.879602E+01
 0.151575E-01 0.892011E+01
 0.154625E-01 0.904541E+01
 0.157736E-01 0.917186E+01
 0.160909E-01 0.929963E+01
 0.164145E-01 0.942847E+01
 0.167446E-01 0.955854E+01
 0.170813E-01 0.968972E+01
 0.174247E-01 0.982194E+01
 0.177749E-01 0.995540E+01
 0.181321E-01 0.100898E+02
 0.184964E-01 0.102253E+02
 0.188680E-01 0.103618E+02
 0.192469E-01 0.104991E+02
 0.196334E-01 0.106376E+02
 0.200276E-01 0.107769E+02
 0.204296E-01 0.109170E+02
 0.208396E-01 0.110580E+02
 0.212578E-01 0.111997E+02
 0.216842E-01 0.113423E+02
 0.221191E-01 0.114855E+02
 0.225626E-01 0.116293E+02
 0.230149E-01 0.117738E+02
 0.234762E-01 0.119187E+02
 0.239467E-01 0.120643E+02
 0.244264E-01 0.122101E+02
 0.249156E-01 0.123564E+02
 0.254145E-01 0.125030E+02
 0.259233E-01 0.126498E+02
 0.264421E-01 0.127969E+02
 0.269711E-01 0.129440E+02
 0.275106E-01 0.130911E+02
 0.280608E-01 0.132383E+02
 0.286218E-01 0.133852E+02
 0.291938E-01 0.135322E+02
 0.297771E-01 0.136787E+02
 0.303719E-01 0.138249E+02
 0.309784E-01 0.139707E+02
 0.315968E-01 0.141158E+02
 0.322274E-01 0.142605E+02
 0.328703E-01 0.144043E+02
 0.335259E-01 0.145473E+02
 0.341943E-01 0.146896E+02
 0.348758E-01 0.148306E+02
 0.355706E-01 0.149706E+02
 0.362791E-01 0.151094E+02
 0.370014E-01 0.152467E+02
 0.377378E-01 0.153828E+02
 0.384886E-01 0.155170E+02
 0.392540E-01 0.156498E+02
 0.400344E-01 0.157807E+02
 0.408300E-01 0.159095E+02
 0.416410E-01 0.160366E+02
 0.424679E-01 0.161612E+02
 0.433108E-01 0.162837E+02
 0.441701E-01 0.164037E+02
 0.450460E-01 0.165210E+02
 0.459389E-01 0.166359E+02
 0.468492E-01 0.167477E+02
 0.477770E-01 0.168567E+02
 0.487228E-01 0.169626E+02
 0.496868E-01 0.170651E+02
 0.506695E-01 0.171645E+02
 0.516711E-01 0.172601E+02
 0.526920E-01 0.173522E+02
 0.537325E-01 0.174406E+02
 0.547930E-01 0.175248E+02
 0.558739E-01 0.176053E+02
 0.569755E-01 0.176814E+02
 0.580983E-01 0.177531E+02
 0.592425E-01 0.178205E+02
 0.604086E-01 0.178831E+02
 0.615969E-01 0.179412E+02
 0.628079E-01 0.179942E+02
 0.640420E-01 0.180422E+02
 0.652996E-01 0.180853E+02
 0.665811E-01 0.181229E+02
 0.678869E-01 0.181553E+02
 0.692174E-01 0.181822E+02
 0.705732E-01 0.182033E+02
 0.719545E-01 0.182189E+02
 0.733620E-01 0.182285E+02
 0.747960E-01 0.182322E+02
 0.762570E-01 0.182299E+02
 0.777454E-01 0.182214E+02
 0.792618E-01 0.182068E+02
 0.808067E-01 0.181859E+02
 0.823804E-01 0.181585E+02
 0.839836E-01 0.181248E+02
 0.856167E-01 0.180845E+02
 0.872802E-01 0.180376E+02
 0.889746E-01 0.179841E+02
 0.907006E-01 0.179240E+02
 0.924585E-01 0.178572E+02
 0.942490E-01 0.177836E+02
 0.960725E-01 0.177033E+02
 0.979297E-01 0.176163E+02
 0.998211E-01 0.175225E+02
 0.101747E+00 0.174220E+02
 0.103709E+00 0.173147E+02
 0.105706E+00 0.172008E+02
 0.107740E+00 0.170801E+02
 0.109811E+00 0.169530E+02
 0.111920E+00 0.168192E+02
 0.114067E+00 0.166789E+02
 0.116253E+00 0.165323E+02
 0.118478E+00 0.163792E+02
 0.120744E+00 0.162200E+02
 0.123050E+00 0.160547E+02
 0.125398E+00 0.158832E+02
 0.127788E+00 0.157061E+02
 0.130221E+00 0.155230E+02
 0.132697E+00 0.153344E+02
 0.135217E+00 0.151406E+02
 0.137783E+00 0.149411E+02
 0.140393E+00 0.147368E+02
 0.143050E+00 0.145276E+02
 0.145753E+00 0.143134E+02
 0.148505E+00 0.140951E+02
 0.151304E+00 0.138721E+02
 0.154153E+00 0.136452E+02
 0.157051E+00 0.134148E+02
 0.159999E+00 0.131800E+02
 0.162999E+00 0.129424E+02
 0.166051E+00 0.127015E+02
 0.169155E+00 0.124575E+02
 0.172313E+00 0.122113E+02
 0.175525E+00 0.119623E+02
 0.178792E+00 0.117113E+02
 0.182115E+00 0.114589E+02
 0.185494E+00 0.112042E+02
 0.188931E+00 0.109486E+02
 0.192425E+00 0.106922E+02
 0.195979E+00 0.104344E+02
 0.199592E+00 0.101767E+02
 0.203266E+00 0.991857E+01
 0.207001E+00 0.966034E+01
 0.210798E+00 0.940294E+01
 0.214657E+00 0.914564E+01
 0.218581E+00 0.888940E+01
 0.222569E+00 0.863468E+01
 0.226623E+00 0.838065E+01
 0.230742E+00 0.812871E+01
 0.234929E+00 0.787886E+01
 0.239184E+00 0.763051E+01
 0.243507E+00 0.738507E+01
 0.247900E+00 0.714214E+01
 0.252363E+00 0.690174E+01
 0.256897E+00 0.666481E+01
 0.261503E+00 0.643082E+01
 0.266183E+00 0.620023E+01
 0.270936E+00 0.597360E+01
 0.275763E+00 0.575035E+01
 0.280666E+00 0.553119E+01
 0.285646E+00 0.531641E+01
 0.290702E+00 0.510540E+01
 0.295837E+00 0.489903E+01
 0.301050E+00 0.469735E+01
 0.306343E+00 0.449982E+01
 0.311716E+00 0.430728E+01
 0.317171E+00 0.411961E+01
 0.322708E+00 0.393651E+01
 0.328328E+00 0.375857E+01
 0.334032E+00 0.358561E+01
 0.339820E+00 0.341750E+01
 0.345694E+00 0.325459E+01
 0.351655E+00 0.309673E+01
 0.357702E+00 0.294386E+01
 0.363838E+00 0.279614E+01
 0.370062E+00 0.265347E+01
 0.376376E+00 0.251579E+01
 0.382781E+00 0.238315E+01
 0.389276E+00 0.225547E+01
 0.395864E+00 0.213269E+01
 0.402545E+00 0.201475E+01
 0.409319E+00 0.190162E+01
 0.416187E+00 0.179320E+01
 0.423151E+00 0.168936E+01
 0.430210E+00 0.159011E+01
 0.437366E+00 0.149533E+01
 0.444620E+00 0.140482E+01
 0.451971E+00 0.131861E+01
 0.459422E+00 0.123659E+01
 0.466972E+00 0.115849E+01
 0.474622E+00 0.108434E+01
 0.482373E+00 0.101409E+01
 0.490226E+00 0.947377E+00
 0.498182E+00 0.884230E+00
 0.506240E+00 0.824674E+00
 0.514402E+00 0.768268E+00
 0.522668E+00 0.715002E+00
 0.531040E+00 0.665040E+00
 0.539517E+00 0.617839E+00
 0.548100E+00 0.573361E+00
 0.556789E+00 0.531852E+00
 0.565587E+00 0.492761E+00
 0.574492E+00 0.456018E+00
 0.583506E+00 0.421833E+00
 0.592629E+00 0.389796E+00
 0.601861E+00 0.359752E+00
 0.611204E+00 0.331848E+00
 0.620658E+00 0.305869E+00
 0.630222E+00 0.281554E+00
 0.639898E+00 0.258964E+00
 0.649687E+00 0.238122E+00
 0.659588E+00 0.218647E+00
 0.669602E+00 0.200520E+00
 0.679729E+00 0.183956E+00
 0.689971E+00 0.168521E+00
 0.700326E+00 0.154175E+00
 0.710797E+00 0.141051E+00
 0.721382E+00 0.128949E+00
 0.732083E+00 0.117710E+00
 0.742899E+00 0.107373E+00
 0.753832E+00 0.979864E-01
 0.764881E+00 0.892745E-01
 0.776047E+00 0.812278E-01
 0.787329E+00 0.739697E-01
 0.798729E+00 0.672880E-01
 0.810246E+00 0.611164E-01
 0.821881E+00 0.554939E-01
 0.833634E+00 0.504252E-01
 0.845505E+00 0.457408E-01
 0.857495E+00 0.414352E-01
 0.869602E+00 0.375901E-01
 0.881829E+00 0.340724E-01
 0.894174E+00 0.308349E-01
 0.906638E+00 0.278901E-01
 0.919222E+00 0.252772E-01
 0.931924E+00 0.228682E-01
 0.944746E+00 0.206599E-01
 0.957686E+00 0.186887E-01
 0.970747E+00 0.169149E-01
 0.983926E+00 0.152846E-01
 0.997225E+00 0.137955E-01
 0.101064E+01 0.124884E-01
 0.102418E+01 0.112970E-01
 0.103784E+01 0.102046E-01
 0.105161E+01 0.921116E-02
 0.106551E+01 0.834920E-02
 0.107953E+01 0.755558E-02
 0.109366E+01 0.682930E-02
 0.110791E+01 0.617598E-02
 0.112229E+01 0.560474E-02
 0.113678E+01 0.507918E-02
 0.115139E+01 0.459863E-02
 0.116612E+01 0.416931E-02
 0.118096E+01 0.379212E-02
 0.119593E+01 0.344502E-02
 0.121101E+01 0.312755E-02
 0.122621E+01 0.284443E-02
 0.124153E+01 0.259539E-02
 0.125697E+01 0.236592E-02
 0.127252E+01 0.215573E-02
 0.128819E+01 0.196749E-02
 0.130398E+01 0.180244E-02
 0.131989E+01 0.165001E-02
 0.133591E+01 0.151000E-02
 0.135204E+01 0.138326E-02
 0.136830E+01 0.127305E-02
 0.138466E+01 0.117092E-02
 0.140115E+01 0.107672E-02
 0.141774E+01 0.990335E-03
 0.143446E+01 0.915334E-03
 0.145128E+01 0.845932E-03
 0.146822E+01 0.781632E-03
 0.148528E+01 0.722355E-03
 0.150244E+01 0.669767E-03
 0.151972E+01 0.621902E-03
 0.153712E+01 0.577336E-03
 0.155462E+01 0.536017E-03
 0.157223E+01 0.498370E-03
 0.158996E+01 0.464911E-03
 0.160780E+01 0.433544E-03
 0.162575E+01 0.404238E-03
 0.164380E+01 0.376959E-03
 0.166197E+01 0.352397E-03
 0.168025E+01 0.329619E-03
 0.169863E+01 0.308264E-03
 0.171713E+01 0.288309E-03
 0.173573E+01 0.269838E-03
 0.175444E+01 0.253213E-03
 0.177325E+01 0.237572E-03
 0.179218E+01 0.222900E-03
 0.181120E+01 0.209181E-03
 0.183034E+01 0.196738E-03
 0.184957E+01 0.185408E-03
 0.186892E+01 0.174627E-03
 0.188836E+01 0.164386E-03
 0.190792E+01 0.154676E-03
 0.192757E+01 0.145515E-03
 0.194732E+01 0.136869E-03
 0.196718E+01 0.128711E-03
 0.198714E+01 0.121031E-03
 0.200720E+01 0.113824E-03
 0.202737E+01 0.107171E-03
 0.204763E+01 0.100968E-03
 0.206799E+01 0.951527E-04
 0.208845E+01 0.897200E-04
 0.210901E+01 0.846639E-04
 0.212966E+01 0.803371E-04
 0.215042E+01 0.763923E-04
 0.217127E+01 0.725499E-04
 0.219222E+01 0.688082E-04
 0.221326E+01 0.651654E-04
 0.223440E+01 0.615300E-04
 0.225563E+01 0.579287E-04
 0.227696E+01 0.545096E-04
 0.229838E+01 0.512701E-04
 0.231990E+01 0.482072E-04
 0.234151E+01 0.453068E-04
 0.236321E+01 0.424843E-04
 0.238500E+01 0.398798E-04
 0.240688E+01 0.374900E-04
 0.242886E+01 0.353117E-04
 0.245092E+01 0.333416E-04
 0.247307E+01 0.318939E-04
 0.249532E+01 0.306827E-04
 0.251765E+01 0.294611E-04
 0.254007E+01 0.282293E-04
 0.256257E+01 0.269873E-04
 0.258517E+01 0.257353E-04
 0.260785E+01 0.243651E-04
 0.263061E+01 0.230288E-04
 0.265347E+01 0.217290E-04
 0.267640E+01 0.204652E-04
 0.269942E+01 0.192367E-04
 0.272253E+01 0.179946E-04
 0.274572E+01 0.166264E-04
 0.276899E+01 0.153846E-04
 0.279234E+01 0.142672E-04
 0.281578E+01 0.132725E-04
 0.283929E+01 0.123985E-04
 0.286289E+01 0.117204E-04
 0.288657E+01 0.113561E-04
 0.291032E+01 0.109888E-04
 0.293416E+01 0.106183E-04
 0.295808E+01 0.102448E-04
 0.298207E+01 0.986834E-05
 0.300614E+01 0.949252E-05
 0.303029E+01 0.914671E-05
 0.305451E+01 0.878354E-05
 0.307882E+01 0.840322E-05
 0.310319E+01 0.800601E-05
 0.312765E+01 0.759213E-05
 0.315217E+01 0.716181E-05
 0.317677E+01 0.655781E-05
 0.320145E+01 0.595161E-05
 0.322620E+01 0.540262E-05
 0.325102E+01 0.491001E-05
 0.327591E+01 0.447297E-05
 0.330088E+01 0.409072E-05
 0.332592E+01 0.382275E-05
 0.335103E+01 0.375755E-05
 0.337621E+01 0.366348E-05
 0.340145E+01 0.354092E-05
