    27.86330     5.28947  -0.00000    1    0   0.491587E+00-0.408664E+00   0.693547E+00 0.699697E-16   0.00045
     0.00000    -0.00000   0.00000
    27.86330     5.28947  -0.00000    1    1  -0.419309E+00-0.772360E+00   0.206817E+01-0.522076E-17  -0.43533
    -0.74594     2.09906   0.00000
    27.86330     5.28947  -0.00000    1    2   0.303384E+00-0.102561E+00   0.325994E+00-0.377419E-16   0.30929
    -0.10714     0.33346  -0.00000
    27.86330     5.28947  -0.00000    1    3  -0.435115E+00-0.746322E+00   0.209863E+01-0.328696E-17  -0.43610
    -0.74457     2.10064   0.00000
    27.86330     5.28947  -0.00000    1    4   0.261375E+00-0.926243E+00   0.129576E+01-0.707565E-17   0.26078
    -0.92660     1.29645   0.00000
    27.86330     5.28947  -0.00000    1    5   0.492198E+00-0.587983E+00   0.873842E+00-0.140734E-15   0.49214
    -0.58829     0.87415  -0.00000
    27.86330     5.28947  -0.00000    1    6   0.473472E+00-0.339302E+00   0.621797E+00-0.119247E-15   0.47353
    -0.33946     0.62196  -0.00000
    27.86330     5.28947  -0.00000    1    7   0.407471E+00-0.210229E+00   0.476315E+00 0.391352E-16   0.40753
    -0.21031     0.47642  -0.00000
    27.86330     5.28947  -0.00000    1    8   0.333468E+00-0.127442E+00   0.365044E+00 0.100604E-15   0.33352
    -0.12749     0.36511  -0.00000
    27.86330     5.28947  -0.00000    1    9   0.277577E+00-0.841259E-01   0.294273E+00 0.886805E-16   0.27762
    -0.08415     0.29432  -0.00000
    27.86330     5.28947  -0.00000    1   10   0.234428E+00-0.583628E-01   0.243998E+00 0.260203E-16   0.23446
    -0.05838     0.24403  -0.00000
    27.86330     5.28947  -0.00000    1   11   0.186378E+00-0.360353E-01   0.190989E+00-0.494933E-16   0.18640
    -0.03604     0.19101   0.00000
    27.86330     5.28947  -0.00000    1   12   0.152705E+00-0.238894E-01   0.155184E+00-0.503823E-17   0.15272
    -0.02390     0.15520  -0.00000
    27.86330     5.28947  -0.00000    1   13   0.133750E+00-0.182210E-01   0.135399E+00-0.712709E-16   0.13377
    -0.01823     0.13541   0.00000
    27.86330     5.28947  -0.00000    1   14   0.108069E+00-0.118186E-01   0.108929E+00 0.669747E-17   0.10808
    -0.01182     0.10894   0.00000
    27.86330     5.28947  -0.00000    1   15   0.714187E-01-0.512692E-02   0.716638E-01-0.391716E-17   0.07143
    -0.00513     0.07167  -0.00000
    27.86330     5.28947  -0.00000    1   16   0.375005E-01-0.140827E-02   0.375357E-01-0.390159E-16   0.03750
    -0.00141     0.03754  -0.00000
    27.86330     5.28947  -0.00000    1   17   0.159614E-01-0.254830E-03   0.159641E-01 0.155369E-15   0.01596
    -0.00025     0.01597   0.00000
    27.86330     5.28947  -0.00000    1   18   0.566486E-02-0.320916E-04   0.566498E-02-0.377277E-16   0.00567
    -0.00003     0.00567   0.00000
    27.86330     5.28947  -0.00000    1   19   0.171288E-02-0.293397E-05   0.171288E-02 0.114127E-16   0.00171
    -0.00000     0.00171   0.00000
    27.86330     5.28947  -0.00000    1   20   0.447988E-03-0.200693E-06   0.447988E-03 0.664080E-16   0.00045
    -0.00000     0.00045   0.00000
    27.86330     5.28947  -0.00000    2    0   0.485379E+00-0.379972E+00   0.664186E+00-0.473700E-17   0.00045
    -0.00000     0.00045   0.00000
    27.86330     5.28947  -0.00000    2    1  -0.397363E+00-0.803484E+00   0.203008E+01 0.168317E-16  -0.41532
    -0.77841     2.06092   0.00000
    27.86330     5.28947  -0.00000    2    2   0.267770E+00-0.777453E-01   0.282574E+00-0.478035E-16   0.27384
    -0.08165     0.28979   0.00000
    27.86330     5.28947  -0.00000    2    3  -0.430530E+00-0.754251E+00   0.208947E+01 0.978424E-16  -0.43149
    -0.75262     2.09137   0.00000
    27.86330     5.28947  -0.00000    2    4   0.247374E+00-0.934518E+00   0.131202E+01-0.731111E-16   0.24678
    -0.93485     1.31270  -0.00000
    27.86330     5.28947  -0.00000    2    5   0.488369E+00-0.607219E+00   0.893457E+00 0.419676E-16   0.48830
    -0.60753     0.89377  -0.00000
    27.86330     5.28947  -0.00000    2    6   0.478453E+00-0.354801E+00   0.638077E+00-0.930475E-16   0.47850
    -0.35496     0.63825  -0.00000
    27.86330     5.28947  -0.00000    2    7   0.415196E+00-0.221411E+00   0.489906E+00 0.566865E-17   0.41525
    -0.22150     0.49001  -0.00000
    27.86330     5.28947  -0.00000    2    8   0.341391E+00-0.134689E+00   0.375781E+00-0.121599E-16   0.34144
    -0.13474     0.37585   0.00000
    27.86330     5.28947  -0.00000    2    9   0.284740E+00-0.889972E-01   0.302936E+00-0.137910E-15   0.28478
    -0.08902     0.30298   0.00000
    27.86330     5.28947  -0.00000    2   10   0.241019E+00-0.619246E-01   0.251489E+00-0.511033E-16   0.24105
    -0.06194     0.25152  -0.00000
    27.86330     5.28947  -0.00000    2   11   0.191761E+00-0.382343E-01   0.196804E+00-0.486441E-16   0.19179
    -0.03824     0.19683  -0.00000
    27.86330     5.28947  -0.00000    2   12   0.157117E+00-0.253274E-01   0.159825E+00-0.773734E-16   0.15714
    -0.02533     0.15985  -0.00000
    27.86330     5.28947  -0.00000    2   13   0.137980E+00-0.194156E-01   0.139795E+00-0.777082E-16   0.13800
    -0.01942     0.13981   0.00000
    27.86330     5.28947  -0.00000    2   14   0.111957E+00-0.126955E-01   0.112914E+00 0.848200E-16   0.11197
    -0.01270     0.11293   0.00000
    27.86330     5.28947  -0.00000    2   15   0.742514E-01-0.554401E-02   0.745271E-01-0.139547E-15   0.07426
    -0.00555     0.07454   0.00000
    27.86330     5.28947  -0.00000    2   16   0.390674E-01-0.152860E-02   0.391073E-01-0.685712E-16   0.03907
    -0.00153     0.03911  -0.00000
    27.86330     5.28947  -0.00000    2   17   0.166438E-01-0.277092E-03   0.166469E-01-0.330484E-16   0.01665
    -0.00028     0.01665   0.00000
    27.86330     5.28947  -0.00000    2   18   0.590986E-02-0.349276E-04   0.591000E-02-0.971354E-16   0.00591
    -0.00003     0.00591   0.00000
    27.86330     5.28947  -0.00000    2   19   0.178759E-02-0.319549E-05   0.178759E-02 0.329968E-17   0.00179
    -0.00000     0.00179   0.00000
    27.86330     5.28947  -0.00000    2   20   0.467678E-03-0.218723E-06   0.467678E-03 0.120187E-15   0.00047
    -0.00000     0.00047   0.00000
    27.86330     5.28947  -0.00000    3    0   0.485377E+00-0.379961E+00   0.664175E+00-0.244136E-16   0.00047
    -0.00000     0.00047   0.00000
    27.86330     5.28947  -0.00000    3    1  -0.397358E+00-0.803491E+00   0.203007E+01-0.545571E-16  -0.41531
    -0.77842     2.06091  -0.00000
    27.86330     5.28947  -0.00000    3    2   0.267762E+00-0.777400E-01   0.282564E+00-0.159015E-15   0.27383
    -0.08165     0.28978  -0.00000
    27.86330     5.28947  -0.00000    3    3  -0.430523E+00-0.754264E+00   0.208946E+01-0.364039E-16  -0.43148
    -0.75263     2.09135  -0.00000
    27.86330     5.28947  -0.00000    3    4   0.247390E+00-0.934509E+00   0.131201E+01-0.904096E-16   0.24680
    -0.93484     1.31268  -0.00000
    27.86330     5.28947  -0.00000    3    5   0.488370E+00-0.607212E+00   0.893449E+00 0.139008E-16   0.48830
    -0.60752     0.89376  -0.00000
    27.86330     5.28947  -0.00000    3    6   0.478448E+00-0.354785E+00   0.638060E+00-0.121569E-15   0.47850
    -0.35495     0.63823  -0.00000
    27.86330     5.28947  -0.00000    3    7   0.415191E+00-0.221402E+00   0.489896E+00-0.853224E-16   0.41525
    -0.22149     0.49000   0.00000
    27.86330     5.28947  -0.00000    3    8   0.341386E+00-0.134684E+00   0.375775E+00 0.914026E-16   0.34144
    -0.13473     0.37584  -0.00000
    27.86330     5.28947  -0.00000    3    9   0.284727E+00-0.889881E-01   0.302920E+00 0.135471E-15   0.28477
    -0.08902     0.30297  -0.00000
    27.86330     5.28947  -0.00000    3   10   0.241013E+00-0.619214E-01   0.251482E+00 0.443422E-16   0.24104
    -0.06194     0.25152  -0.00000
    27.86330     5.28947  -0.00000    3   11   0.191760E+00-0.382336E-01   0.196802E+00-0.855660E-16   0.19178
    -0.03824     0.19683   0.00000
    27.86330     5.28947  -0.00000    3   12   0.157107E+00-0.253240E-01   0.159814E+00 0.647536E-16   0.15713
    -0.02533     0.15983  -0.00000
    27.86330     5.28947  -0.00000    3   13   0.137968E+00-0.194120E-01   0.139782E+00 0.364510E-16   0.13798
    -0.01942     0.13980   0.00000
    27.86330     5.28947  -0.00000    3   14   0.111951E+00-0.126943E-01   0.112909E+00-0.523764E-16   0.11196
    -0.01270     0.11292   0.00000
    27.86330     5.28947  -0.00000    3   15   0.742528E-01-0.554422E-02   0.745285E-01-0.115674E-15   0.07426
    -0.00555     0.07454  -0.00000
    27.86330     5.28947  -0.00000    3   16   0.390708E-01-0.152886E-02   0.391106E-01 0.913811E-16   0.03908
    -0.00153     0.03912  -0.00000
    27.86330     5.28947  -0.00000    3   17   0.166461E-01-0.277169E-03   0.166492E-01-0.118644E-15   0.01665
    -0.00028     0.01665   0.00000
    27.86330     5.28947  -0.00000    3   18   0.591093E-02-0.349403E-04   0.591107E-02 0.125177E-15   0.00591
    -0.00003     0.00591  -0.00000
    27.86330     5.28947  -0.00000    3   19   0.178797E-02-0.319686E-05   0.178798E-02 0.695219E-16   0.00179
    -0.00000     0.00179   0.00000
    27.86330     5.28947  -0.00000    3   20   0.467791E-03-0.218828E-06   0.467791E-03-0.240770E-17   0.00047
    -0.00000     0.00047   0.00000
    27.86330     5.28947  -0.00000    4    0   0.485377E+00-0.379962E+00   0.664176E+00 0.206886E-16   0.00047
    -0.00000     0.00047   0.00000
    27.86330     5.28947  -0.00000    4    1  -0.397358E+00-0.803491E+00   0.203007E+01 0.639364E-16  -0.41531
    -0.77842     2.06091   0.00000
    27.86330     5.28947  -0.00000    4    2   0.267762E+00-0.777402E-01   0.282564E+00-0.215487E-16   0.27383
    -0.08165     0.28978  -0.00000
    27.86330     5.28947  -0.00000    4    3  -0.430523E+00-0.754264E+00   0.208946E+01 0.105309E-15  -0.43148
    -0.75263     2.09135  -0.00000
    27.86330     5.28947  -0.00000    4    4   0.247390E+00-0.934509E+00   0.131201E+01-0.124126E-16   0.24680
    -0.93484     1.31268  -0.00000
    27.86330     5.28947  -0.00000    4    5   0.488370E+00-0.607212E+00   0.893449E+00-0.419302E-16   0.48830
    -0.60752     0.89376  -0.00000
    27.86330     5.28947  -0.00000    4    6   0.478448E+00-0.354785E+00   0.638060E+00-0.754154E-16   0.47850
    -0.35495     0.63823   0.00000
    27.86330     5.28947  -0.00000    4    7   0.415191E+00-0.221402E+00   0.489896E+00-0.540651E-16   0.41525
    -0.22149     0.49000   0.00000
    27.86330     5.28947  -0.00000    4    8   0.341386E+00-0.134685E+00   0.375775E+00-0.701515E-17   0.34144
    -0.13473     0.37584  -0.00000
    27.86330     5.28947  -0.00000    4    9   0.284727E+00-0.889883E-01   0.302921E+00-0.314592E-16   0.28477
    -0.08902     0.30297  -0.00000
    27.86330     5.28947  -0.00000    4   10   0.241013E+00-0.619215E-01   0.251483E+00-0.376002E-16   0.24104
    -0.06194     0.25152  -0.00000
    27.86330     5.28947  -0.00000    4   11   0.191760E+00-0.382336E-01   0.196802E+00-0.653317E-17   0.19178
    -0.03824     0.19683   0.00000
    27.86330     5.28947  -0.00000    4   12   0.157107E+00-0.253240E-01   0.159815E+00 0.110867E-15   0.15713
    -0.02533     0.15983  -0.00000
    27.86330     5.28947  -0.00000    4   13   0.137968E+00-0.194120E-01   0.139782E+00-0.126870E-15   0.13798
    -0.01942     0.13980   0.00000
    27.86330     5.28947  -0.00000    4   14   0.111952E+00-0.126943E-01   0.112909E+00-0.785344E-16   0.11196
    -0.01270     0.11292   0.00000
    27.86330     5.28947  -0.00000    4   15   0.742529E-01-0.554424E-02   0.745286E-01-0.917191E-17   0.07426
    -0.00555     0.07454  -0.00000
    27.86330     5.28947  -0.00000    4   16   0.390708E-01-0.152887E-02   0.391107E-01 0.672240E-16   0.03908
    -0.00153     0.03912  -0.00000
    27.86330     5.28947  -0.00000    4   17   0.166461E-01-0.277170E-03   0.166492E-01 0.173413E-16   0.01665
    -0.00028     0.01665  -0.00000
    27.86330     5.28947  -0.00000    4   18   0.591094E-02-0.349404E-04   0.591108E-02-0.335533E-16   0.00591
    -0.00003     0.00591   0.00000
    27.86330     5.28947  -0.00000    4   19   0.178798E-02-0.319687E-05   0.178798E-02-0.655057E-16   0.00179
    -0.00000     0.00179   0.00000
    27.86330     5.28947  -0.00000    4   20   0.467792E-03-0.218829E-06   0.467792E-03 0.477676E-16   0.00047
    -0.00000     0.00047  -0.00000
    27.86330     5.28947  -0.00000    5    0   0.485382E+00-0.379983E+00   0.664198E+00-0.115110E-16   0.00047
    -0.00000     0.00047  -0.00000
    27.86330     5.28947  -0.00000    5    1  -0.397371E+00-0.803474E+00   0.203009E+01 0.295753E-16  -0.41532
    -0.77840     2.06093   0.00000
    27.86330     5.28947  -0.00000    5    2   0.267780E+00-0.777516E-01   0.282586E+00-0.780946E-16   0.27385
    -0.08166     0.28980   0.00000
    27.86330     5.28947  -0.00000    5    3  -0.430536E+00-0.754241E+00   0.208948E+01 0.265913E-16  -0.43150
    -0.75261     2.09138  -0.00000
    27.86330     5.28947  -0.00000    5    4   0.247367E+00-0.934522E+00   0.131203E+01-0.896934E-16   0.24678
    -0.93486     1.31271  -0.00000
    27.86330     5.28947  -0.00000    5    5   0.488366E+00-0.607232E+00   0.893470E+00-0.457743E-16   0.48830
    -0.60754     0.89378  -0.00000
    27.86330     5.28947  -0.00000    5    6   0.478455E+00-0.354809E+00   0.638085E+00 0.460754E-16   0.47850
    -0.35497     0.63826  -0.00000
    27.86330     5.28947  -0.00000    5    7   0.415205E+00-0.221423E+00   0.489921E+00 0.835472E-16   0.41526
    -0.22151     0.49003  -0.00000
    27.86330     5.28947  -0.00000    5    8   0.341399E+00-0.134696E+00   0.375792E+00-0.281071E-16   0.34145
    -0.13474     0.37586   0.00000
    27.86330     5.28947  -0.00000    5    9   0.284750E+00-0.890045E-01   0.302949E+00-0.114616E-15   0.28479
    -0.08903     0.30300  -0.00000
    27.86330     5.28947  -0.00000    5   10   0.241034E+00-0.619332E-01   0.251507E+00 0.273983E-16   0.24107
    -0.06195     0.25154  -0.00000
    27.86330     5.28947  -0.00000    5   11   0.191772E+00-0.382388E-01   0.196816E+00 0.335223E-16   0.19180
    -0.03825     0.19684  -0.00000
    27.86330     5.28947  -0.00000    5   12   0.157127E+00-0.253305E-01   0.159835E+00 0.172353E-16   0.15715
    -0.02534     0.15986  -0.00000
    27.86330     5.28947  -0.00000    5   13   0.137999E+00-0.194210E-01   0.139814E+00 0.790439E-16   0.13801
    -0.01943     0.13983   0.00000
    27.86330     5.28947  -0.00000    5   14   0.111983E+00-0.127016E-01   0.112941E+00-0.870346E-16   0.11200
    -0.01270     0.11295  -0.00000
    27.86330     5.28947  -0.00000    5   15   0.742748E-01-0.554751E-02   0.745507E-01 0.915455E-17   0.07428
    -0.00555     0.07456  -0.00000
    27.86330     5.28947  -0.00000    5   16   0.390818E-01-0.152972E-02   0.391217E-01 0.445300E-16   0.03909
    -0.00153     0.03913  -0.00000
    27.86330     5.28947  -0.00000    5   17   0.166504E-01-0.277312E-03   0.166535E-01-0.120075E-16   0.01665
    -0.00028     0.01666  -0.00000
    27.86330     5.28947  -0.00000    5   18   0.591232E-02-0.349567E-04   0.591246E-02-0.393435E-16   0.00591
    -0.00003     0.00591   0.00000
    27.86330     5.28947  -0.00000    5   19   0.178836E-02-0.319824E-05   0.178836E-02-0.701211E-16   0.00179
    -0.00000     0.00179   0.00000
    27.86330     5.28947  -0.00000    5   20   0.467884E-03-0.218916E-06   0.467884E-03-0.161733E-16   0.00047
    -0.00000     0.00047   0.00000
    27.86330     5.28947  -0.00000    6    0   0.485089E+00-0.378804E+00   0.662983E+00-0.538886E-16   0.00047
    -0.00000     0.00047   0.00000
    27.86330     5.28947  -0.00000    6    1  -0.396619E+00-0.804455E+00   0.202885E+01-0.233414E-16  -0.41464
    -0.77942     2.05970  -0.00000
    27.86330     5.28947  -0.00000    6    2   0.266714E+00-0.770770E-01   0.281324E+00-0.524052E-16   0.27279
    -0.08097     0.28854  -0.00000
    27.86330     5.28947  -0.00000    6    3  -0.429899E+00-0.755318E+00   0.208823E+01 0.260175E-16  -0.43086
    -0.75369     2.09013  -0.00000
    27.86330     5.28947  -0.00000    6    4   0.248241E+00-0.934023E+00   0.131103E+01 0.206443E-16   0.24765
    -0.93436     1.31170  -0.00000
    27.86330     5.28947  -0.00000    6    5   0.488656E+00-0.605902E+00   0.892108E+00-0.829096E-17   0.48859
    -0.60621     0.89242  -0.00000
    27.86330     5.28947  -0.00000    6    6   0.478144E+00-0.353786E+00   0.637016E+00 0.663725E-16   0.47819
    -0.35395     0.63719   0.00000
    27.86330     5.28947  -0.00000    6    7   0.414417E+00-0.220253E+00   0.488511E+00-0.373239E-16   0.41448
    -0.22034     0.48862   0.00000
    27.86330     5.28947  -0.00000    6    8   0.340495E+00-0.133853E+00   0.374556E+00 0.270610E-16   0.34055
    -0.13390     0.37463  -0.00000
    27.86330     5.28947  -0.00000    6    9   0.283632E+00-0.882321E-01   0.301590E+00-0.763687E-17   0.28367
    -0.08826     0.30164  -0.00000
    27.86330     5.28947  -0.00000    6   10   0.239531E+00-0.611096E-01   0.249793E+00-0.439718E-16   0.23956
    -0.06113     0.24983  -0.00000
    27.86330     5.28947  -0.00000    6   11   0.190412E+00-0.376760E-01   0.195343E+00-0.221646E-17   0.19044
    -0.03769     0.19537   0.00000
    27.86330     5.28947  -0.00000    6   12   0.155770E+00-0.248834E-01   0.158406E+00-0.103567E-15   0.15579
    -0.02489     0.15843  -0.00000
    27.86330     5.28947  -0.00000    6   13   0.136170E+00-0.188994E-01   0.137912E+00-0.378352E-16   0.13619
    -0.01890     0.13793   0.00000
    27.86330     5.28947  -0.00000    6   14   0.109900E+00-0.122275E-01   0.110805E+00-0.862894E-17   0.10991
    -0.01223     0.11082   0.00000
    27.86330     5.28947  -0.00000    6   15   0.725817E-01-0.529615E-02   0.728390E-01 0.357439E-16   0.07259
    -0.00530     0.07285  -0.00000
    27.86330     5.28947  -0.00000    6   16   0.380883E-01-0.145283E-02   0.381252E-01 0.323729E-16   0.03809
    -0.00145     0.03813  -0.00000
    27.86330     5.28947  -0.00000    6   17   0.162022E-01-0.262581E-03   0.162051E-01 0.253817E-16   0.01620
    -0.00026     0.01621   0.00000
    27.86330     5.28947  -0.00000    6   18   0.574769E-02-0.330370E-04   0.574781E-02-0.132419E-15   0.00575
    -0.00003     0.00575  -0.00000
    27.86330     5.28947  -0.00000    6   19   0.173734E-02-0.301837E-05   0.173735E-02 0.209156E-17   0.00174
    -0.00000     0.00174  -0.00000
    27.86330     5.28947  -0.00000    6   20   0.454278E-03-0.206368E-06   0.454278E-03-0.903656E-16   0.00045
    -0.00000     0.00045  -0.00000
